(0, 3, 6, [[0.11666666666666667, 0.26666666666666666], [0.35, 0.95], [0.5, 0.9166666666666666]])
(0, 3, 7, [[0.8333333333333334, 0.4166666666666667], [0.5833333333333334, 0.26666666666666666], [0.48333333333333334, 0.55]])
(0, 3, 8, [[0.2, 0.8666666666666667], [0.6666666666666666, 0.16666666666666666], [0.35, 0.08333333333333333]])
(0, 4, 6, [[0.5333333333333333, 0.4], [0.6166666666666667, 0.36666666666666664], [0.26666666666666666, 0.6]])
(0, 4, 7, [[0.2, 0.6666666666666666], [0.55, 0.35], [0.55, 0.8666666666666667]])
(0, 4, 8, [[0.5166666666666667, 0.9166666666666666], [0.31666666666666665, 0.5666666666666667], [0.4666666666666667, 0.38333333333333336]])
(0, 5, 6, [[0.8833333333333333, 0.8666666666666667], [0.5666666666666667, 0.38333333333333336], [0.48333333333333334, 0.2833333333333333]])
(0, 5, 7, [[0.31666666666666665, 0.25], [0.65, 0.7666666666666667], [0.3333333333333333, 0.95]])
(0, 5, 8, [[0.9, 0.5333333333333333], [0.6, 0.4], [0.5166666666666667, 0.5166666666666667]])
(1, 3, 6, [[0.65, 0.75], [0.6833333333333333, 0.8833333333333333], [0.38333333333333336, 0.85]])
(1, 3, 7, [[0.13333333333333333, 0.6], [0.5166666666666667, 0.23333333333333334], [0.31666666666666665, 0.21666666666666667]])
(1, 3, 8, [[0.7333333333333333, 0.8], [0.6333333333333333, 0.85], [0.5666666666666667, 0.8833333333333333]])
(1, 4, 6, [[0.48333333333333334, 0.9333333333333333], [0.35, 0.5], [0.5, 0.7]])
(1, 4, 7, [[0.8666666666666667, 0.21666666666666667], [0.55, 0.11666666666666667], [0.35, 0.18333333333333332]])
(1, 4, 8, [[0.5, 0.1], [0.2833333333333333, 0.9333333333333333], [0.25, 0.8166666666666667]])
(1, 5, 6, [[0.9333333333333333, 0.8166666666666667], [0.5833333333333334, 0.9333333333333333], [0.2833333333333333, 0.9333333333333333]])
(1, 5, 7, [[0.7833333333333333, 0.7333333333333333], [0.6833333333333333, 0.7833333333333333], [0.65, 0.65]])
(1, 5, 8, [[0.45, 0.3], [0.7, 0.11666666666666667], [0.2833333333333333, 0.21666666666666667]])
(2, 3, 6, [[0.6, 0.2], [0.5166666666666667, 0.03333333333333333], [0.31666666666666665, 0.15]])
(2, 3, 7, [[0.05, 0.4666666666666667], [0.5666666666666667, 0.7166666666666667], [0.6166666666666667, 0.6833333333333333]])
(2, 3, 8, [[0.08333333333333333, 0.2], [0.48333333333333334, 0.23333333333333334], [0.5833333333333334, 0.23333333333333334]])
(2, 4, 6, [[0.5, 0.5833333333333334], [0.6833333333333333, 0.8], [0.6666666666666666, 0.6166666666666667]])
(2, 4, 7, [[0.48333333333333334, 0.25], [0.6833333333333333, 0.8], [0.38333333333333336, 0.75]])
(2, 4, 8, [[0.65, 0.95], [0.36666666666666664, 0.35], [0.7333333333333333, 0.7333333333333333]])
(2, 5, 6, [[0.9166666666666666, 0.6166666666666667], [0.5, 0.35], [0.5333333333333333, 0.9333333333333333]])
(2, 5, 7, [[0.4666666666666667, 0.7166666666666667], [0.5, 0.7], [0.4666666666666667, 0.36666666666666664]])
(2, 5, 8, [[0.38333333333333336, 0.8166666666666667], [0.5333333333333333, 0.9666666666666667], [0.7333333333333333, 0.9333333333333333]])
