(0, 3, 6, [[0.16666666666666666, 0.03333333333333333], [0.6, 0.7833333333333333], [0.3333333333333333, 0.48333333333333334]])
(0, 3, 7, [[0.8666666666666667, 0.8], [0.3, 0.21666666666666667], [0.7, 0.4166666666666667]])
(0, 3, 8, [[0.4166666666666667, 0.13333333333333333], [0.38333333333333336, 0.18333333333333332], [0.4, 0.4166666666666667]])
(0, 4, 6, [[0.26666666666666666, 0.8833333333333333], [0.5333333333333333, 0.36666666666666664], [0.5833333333333334, 0.6166666666666667]])
(0, 4, 7, [[0.5833333333333334, 0.6833333333333333], [0.38333333333333336, 0.3], [0.7166666666666667, 0.31666666666666665]])
(0, 4, 8, [[0.5333333333333333, 0.7666666666666667], [0.35, 0.75], [0.48333333333333334, 0.45]])
(0, 5, 6, [[0.5166666666666667, 0.8166666666666667], [0.45, 0.3333333333333333], [0.5666666666666667, 0.6833333333333333]])
(0, 5, 7, [[0.7666666666666667, 0.4666666666666667], [0.2, 0.85], [0.3, 0.8833333333333333]])
(0, 5, 8, [[0.31666666666666665, 0.08333333333333333], [0.5, 0.016666666666666666], [0.45, 0.9166666666666666]])
(1, 3, 6, [[0.3, 0.36666666666666664], [0.6666666666666666, 0.7666666666666667], [0.43333333333333335, 0.8666666666666667]])
(1, 3, 7, [[0.7166666666666667, 0.25], [0.2833333333333333, 0.4166666666666667], [0.7, 0.7]])
(1, 3, 8, [[0.25, 0.11666666666666667], [0.3, 0.6333333333333333], [0.31666666666666665, 0.3]])
(1, 4, 6, [[0.43333333333333335, 0.5], [0.36666666666666664, 0.7666666666666667], [0.7333333333333333, 0.75]])
(1, 4, 7, [[0.6833333333333333, 0.21666666666666667], [0.4166666666666667, 0.6166666666666667], [0.5166666666666667, 0.2833333333333333]])
(1, 4, 8, [[0.4, 0.06666666666666667], [0.6, 0.31666666666666665], [0.6, 0.23333333333333334]])
(1, 5, 6, [[0.15, 0.05], [0.3, 0.9166666666666666], [0.5333333333333333, 0.8]])
(1, 5, 7, [[0.36666666666666664, 0.5666666666666667], [0.7, 0.31666666666666665], [0.5333333333333333, 0.26666666666666666]])
(1, 5, 8, [[0.8666666666666667, 0.2], [0.3333333333333333, 0.8833333333333333], [0.5166666666666667, 0.7333333333333333]])
(2, 3, 6, [[0.31666666666666665, 0.5], [0.31666666666666665, 0.7333333333333333], [0.5, 0.8333333333333334]])
(2, 3, 7, [[0.8166666666666667, 0.13333333333333333], [0.5, 0.5333333333333333], [0.3, 0.21666666666666667]])
(2, 3, 8, [[0.55, 0.8166666666666667], [0.31666666666666665, 0.7833333333333333], [0.48333333333333334, 0.6]])
(2, 4, 6, [[0.43333333333333335, 0.3], [0.6833333333333333, 0.5], [0.4, 0.6833333333333333]])
(2, 4, 7, [[0.31666666666666665, 0.35], [0.65, 0.6833333333333333], [0.31666666666666665, 0.6666666666666666]])
(2, 4, 8, [[0.6, 0.31666666666666665], [0.23333333333333334, 0.5], [0.35, 0.75]])
(2, 5, 6, [[0.43333333333333335, 0.6333333333333333], [0.35, 0.2], [0.6833333333333333, 0.03333333333333333]])
(2, 5, 7, [[0.06666666666666667, 0.2], [0.25, 0.7833333333333333], [0.4166666666666667, 0.16666666666666666]])
(2, 5, 8, [[0.8333333333333334, 0.1], [0.23333333333333334, 0.5166666666666667], [0.75, 0.23333333333333334]])
