(0, 1, 2, [array([0.93993434, 0.90431864, 0.76882623, 0.73340194, 0.67167465,
       0.62442285, 0.50918328, 0.37832569, 0.17413203, 0.04925541])])
(0, 1, 3, [array([0.93942943, 0.91746411, 0.78372929, 0.75698242, 0.7000954 ,
       0.63659804, 0.60219092, 0.41212983, 0.23655244, 0.13083499])])
(0, 2, 2, [array([0.93881071, 0.92140755, 0.7708587 , 0.73482366, 0.67671121,
       0.64460398, 0.54237711, 0.39161745, 0.15342023, 0.09793997])])
(0, 2, 3, [array([0.93481504, 0.91494279, 0.73918364, 0.72495012, 0.67422613,
       0.62347413, 0.52821048, 0.37472723, 0.16852237, 0.10582849])])
(0, 3, 2, [array([0.93850931, 0.91793427, 0.8092144 , 0.77146614, 0.71984861,
       0.6511653 , 0.62648055, 0.41140593, 0.27150312, 0.15786272])])
(0, 3, 3, [array([0.93035301, 0.92260918, 0.76366183, 0.7233543 , 0.70114976,
       0.60127511, 0.55364208, 0.39755493, 0.22479013, 0.13591967])])
(1, 0, 2, [array([0.93448197, 0.91714539, 0.76103497, 0.73696188, 0.64513029,
       0.63351054, 0.52796082, 0.41239884, 0.16832328, 0.08848426])])
(1, 0, 3, [array([0.93823312, 0.92386528, 0.78499025, 0.77074309, 0.70417418,
       0.64490761, 0.58462376, 0.4612076 , 0.24207926, 0.14202947])])
(1, 2, 2, [array([0.93234301, 0.92126456, 0.78252802, 0.77830211, 0.67036542,
       0.62967597, 0.52803657, 0.44537404, 0.17370796, 0.10631803])])
(1, 2, 3, [array([0.94219999, 0.93015784, 0.82706241, 0.80472017, 0.72327443,
       0.64469759, 0.60843972, 0.54228086, 0.27172499, 0.1241564 ])])
(1, 3, 2, [array([0.9326713 , 0.92441922, 0.79466984, 0.76044656, 0.71002295,
       0.64597746, 0.55726631, 0.45528601, 0.23579315, 0.12875927])])
(1, 3, 3, [array([0.93721209, 0.92746527, 0.78754355, 0.77503268, 0.71313675,
       0.68263713, 0.58328837, 0.4986444 , 0.22196779, 0.1377051 ])])
(2, 0, 2, [array([0.94118605, 0.92664638, 0.78838387, 0.75589126, 0.68294722,
       0.62578569, 0.53946515, 0.42143937, 0.19882311, 0.09565217])])
(2, 0, 3, [array([0.93632628, 0.9208154 , 0.76389095, 0.72918494, 0.69175192,
       0.6232688 , 0.51863522, 0.41658895, 0.20845616, 0.1430419 ])])
(2, 1, 2, [array([0.94285941, 0.91970104, 0.78611705, 0.74864029, 0.68980218,
       0.65669273, 0.50465914, 0.42742278, 0.20606645, 0.09970901])])
(2, 1, 3, [array([0.94531656, 0.9302491 , 0.80101569, 0.7758281 , 0.69801966,
       0.68079989, 0.57770655, 0.50082203, 0.26242887, 0.1170657 ])])
(2, 3, 2, [array([0.93633097, 0.92300012, 0.78107719, 0.736636  , 0.69282212,
       0.62087351, 0.54348009, 0.43365941, 0.19315849, 0.11908281])])
(2, 3, 3, [array([0.94630341, 0.93599817, 0.83412735, 0.78119212, 0.72572431,
       0.67586155, 0.61859612, 0.55414686, 0.27615303, 0.12676401])])
(3, 0, 2, [array([0.93909787, 0.91186795, 0.79092479, 0.74822774, 0.71019256,
       0.639349  , 0.59976667, 0.4129164 , 0.22112929, 0.12018472])])
(3, 0, 3, [array([0.93071566, 0.91780014, 0.73015655, 0.70893401, 0.66950171,
       0.63544874, 0.50814832, 0.41936584, 0.19130261, 0.10924802])])
(3, 1, 2, [array([0.94296095, 0.91281174, 0.80442706, 0.72961379, 0.71205429,
       0.66709737, 0.59554885, 0.409631  , 0.23236849, 0.14299495])])
(3, 1, 3, [array([0.93677323, 0.91690915, 0.80618392, 0.75814571, 0.72101273,
       0.6812401 , 0.57053353, 0.48968216, 0.25910861, 0.14751912])])
(3, 2, 2, [array([0.93416747, 0.91811741, 0.77350241, 0.71655806, 0.67509548,
       0.6306259 , 0.51324855, 0.42121453, 0.12751721, 0.11222718])])
(3, 2, 3, [array([0.94441971, 0.9325516 , 0.81303935, 0.786999  , 0.70000842,
       0.68265661, 0.57042365, 0.54346353, 0.22898957, 0.14878052])])
(4, 5, 2, [array([0.9118681 , 0.8970173 , 0.71447868, 0.68608742, 0.59287002,
       0.48318398, 0.47054658, 0.37139058, 0.29170218, 0.05568668])])
(4, 5, 3, [array([0.9153689 , 0.90470496, 0.74013328, 0.70967394, 0.64837043,
       0.53705418, 0.49127051, 0.45274539, 0.31599861, 0.09844042])])
(4, 6, 2, [array([0.91109873, 0.89409177, 0.71893608, 0.68533848, 0.59434979,
       0.47223771, 0.46792928, 0.3648971 , 0.27245226, 0.04957618])])
(4, 6, 3, [array([0.91499957, 0.90327856, 0.71309859, 0.68222664, 0.59940525,
       0.52832312, 0.46374217, 0.33013698, 0.26651397, 0.14685872])])
(4, 7, 2, [array([0.91666826, 0.90397919, 0.73913783, 0.70879816, 0.64929653,
       0.54026052, 0.5003039 , 0.43833293, 0.30218201, 0.09535277])])
(4, 7, 3, [array([0.91504868, 0.90388936, 0.71179717, 0.68369615, 0.60573833,
       0.53194357, 0.46558605, 0.32372232, 0.27547544, 0.13863125])])
(5, 4, 2, [array([0.91138624, 0.89519353, 0.7147442 , 0.68514054, 0.60193499,
       0.4814369 , 0.46633426, 0.37015876, 0.27437564, 0.05011515])])
(5, 4, 3, [array([0.91642354, 0.90473722, 0.73825196, 0.71458944, 0.64889481,
       0.55864912, 0.4980395 , 0.44178139, 0.30258055, 0.08964758])])
(5, 6, 2, [array([0.91210684, 0.89629106, 0.72019267, 0.6863597 , 0.5974626 ,
       0.47688435, 0.47040625, 0.37323168, 0.28406362, 0.05294095])])
(5, 6, 3, [array([0.90546564, 0.89670229, 0.71145467, 0.69562535, 0.60183354,
       0.48394616, 0.46289692, 0.38739382, 0.29827547, 0.08462764])])
(5, 7, 2, [array([0.91420159, 0.90417854, 0.73542342, 0.70811167, 0.65000238,
       0.54521668, 0.49912186, 0.44070031, 0.2963772 , 0.08388119])])
(5, 7, 3, [array([0.9043376 , 0.896145  , 0.70917548, 0.6944561 , 0.60284275,
       0.48504628, 0.46028619, 0.39141791, 0.28291321, 0.07876684])])
(6, 4, 2, [array([0.91291942, 0.89300792, 0.71651444, 0.68400457, 0.59234489,
       0.47547524, 0.46299209, 0.3715533 , 0.27297125, 0.07466267])])
(6, 4, 3, [array([0.91433208, 0.9027795 , 0.71322556, 0.68443849, 0.60396197,
       0.52839642, 0.46227639, 0.33626016, 0.2827254 , 0.15054507])])
(6, 5, 2, [array([0.91386836, 0.89279365, 0.71623545, 0.68426194, 0.59590374,
       0.47748382, 0.46496665, 0.37497216, 0.26450008, 0.07160229])])
(6, 5, 3, [array([0.90803121, 0.8951245 , 0.71436576, 0.6925001 , 0.60025318,
       0.48789221, 0.45928952, 0.40517944, 0.28147769, 0.08282664])])
(6, 7, 2, [array([0.91384332, 0.90392624, 0.70749424, 0.68345257, 0.60019324,
       0.5320278 , 0.45971166, 0.32055765, 0.26752003, 0.16029106])])
(6, 7, 3, [array([0.90644001, 0.89453865, 0.70992544, 0.69375715, 0.59901611,
       0.47498785, 0.45567214, 0.39565533, 0.28426104, 0.09408556])])
(7, 4, 2, [array([0.91470643, 0.90604979, 0.74139551, 0.70960622, 0.64685985,
       0.5404275 , 0.4995254 , 0.43827192, 0.30713091, 0.09715945])])
(7, 4, 3, [array([0.91094516, 0.90423373, 0.71376645, 0.68349838, 0.61112518,
       0.5247441 , 0.45548333, 0.31244431, 0.27567937, 0.1377903 ])])
(7, 5, 2, [array([0.91624361, 0.90432786, 0.74264226, 0.70803228, 0.6544947 ,
       0.54490483, 0.49497785, 0.4479722 , 0.30446621, 0.10103243])])
(7, 5, 3, [array([0.9056016 , 0.89641766, 0.70979717, 0.68999223, 0.60078623,
       0.48382619, 0.46789802, 0.39207524, 0.29810182, 0.08129737])])
(7, 6, 2, [array([0.91404077, 0.90158456, 0.70943833, 0.6865194 , 0.59637929,
       0.52595914, 0.45610783, 0.31607855, 0.28362671, 0.14091135])])
(7, 6, 3, [array([0.90588453, 0.89468648, 0.71074201, 0.69214404, 0.60560651,
       0.48211831, 0.45823285, 0.3855285 , 0.29438655, 0.08371743])])
(8, 9, 2, [array([0.90835772, 0.84013226, 0.61424104, 0.51289489, 0.42232942,
       0.333384  , 0.32698325, 0.18787514, 0.1060262 , 0.06787951])])
(8, 10, 2, [array([0.92209913, 0.84062966, 0.62756821, 0.52475974, 0.43059058,
       0.3742458 , 0.33103092, 0.20509955, 0.08448037, 0.06561456])])
(9, 8, 2, [array([0.92229282, 0.83890589, 0.62135475, 0.52041176, 0.41750804,
       0.36305836, 0.32890939, 0.19816429, 0.08291527, 0.05001856])])
(9, 10, 2, [array([0.91856361, 0.84222717, 0.61716328, 0.50596262, 0.41364852,
       0.36896759, 0.3156068 , 0.16977503, 0.11362822, 0.05197759])])
(10, 8, 2, [array([0.90971901, 0.84120188, 0.63117423, 0.53440943, 0.40935998,
       0.34607608, 0.32839648, 0.17257176, 0.11265068, 0.06036767])])
(10, 9, 2, [array([0.92224048, 0.83674211, 0.62624419, 0.51040056, 0.42444467,
       0.34902358, 0.32647753, 0.17510869, 0.11318359, 0.05654098])])
(11, 12, 2, [array([0.8783043 , 0.80723788, 0.61542057, 0.51628456, 0.4269785 ,
       0.40218742, 0.26339519, 0.16967873, 0.11880108, 0.07738019])])
(11, 13, 2, [array([0.88004806, 0.80810786, 0.63184737, 0.52673429, 0.44637606,
       0.40008249, 0.2549382 , 0.16808139, 0.08011963, 0.0586854 ])])
(12, 11, 2, [array([0.87402232, 0.81121996, 0.63524935, 0.52101038, 0.44533794,
       0.38869391, 0.25476208, 0.15746748, 0.12956976, 0.05590768])])
(12, 13, 2, [array([0.88145397, 0.82294971, 0.62476418, 0.49580801, 0.46062447,
       0.4205728 , 0.22650379, 0.15941268, 0.0923427 , 0.05055728])])
(13, 11, 2, [array([0.89310089, 0.80684916, 0.61834784, 0.48682995, 0.44089852,
       0.39044271, 0.25614008, 0.1991917 , 0.10641371, 0.04679048])])
(13, 12, 2, [array([0.89142253, 0.80493412, 0.6145418 , 0.51908117, 0.43914594,
       0.40214309, 0.2881373 , 0.1540437 , 0.11327155, 0.0584232 ])])
