(0, 8, 11, [array([0.90508613, 0.83923239, 0.67271902, 0.57769019, 0.45946376,
       0.36741007, 0.33279129, 0.20149922, 0.17208418, 0.0949386 ])])
(0, 8, 12, [array([0.88992745, 0.84162805, 0.65195371, 0.58703834, 0.50038201,
       0.42430879, 0.35218521, 0.26515176, 0.16220353, 0.06716575])])
(0, 8, 13, [array([0.8830942 , 0.84675138, 0.67010639, 0.46539904, 0.43557906,
       0.364106  , 0.28493307, 0.26881166, 0.14956208, 0.06064496])])
(0, 9, 11, [array([0.90478261, 0.84469814, 0.70031459, 0.47083186, 0.41463293,
       0.35251524, 0.32173097, 0.26352159, 0.15283456, 0.08279028])])
(0, 9, 12, [array([0.89140307, 0.85168549, 0.61598864, 0.47918886, 0.43840344,
       0.41126761, 0.35487087, 0.33750542, 0.12831896, 0.05474724])])
(0, 9, 13, [array([0.88550714, 0.84666484, 0.67562732, 0.46269498, 0.3585704 ,
       0.32990195, 0.3197524 , 0.23705394, 0.12113102, 0.07796148])])
(0, 10, 11, [array([0.89273077, 0.86255871, 0.70347938, 0.49004942, 0.41069168,
       0.36085358, 0.29312206, 0.19044344, 0.13120971, 0.10144985])])
(0, 10, 12, [array([0.89188363, 0.86255976, 0.61729506, 0.50462626, 0.46741406,
       0.38047809, 0.31825106, 0.2471353 , 0.12025503, 0.07110328])])
(0, 10, 13, [array([0.87103716, 0.86597276, 0.65035463, 0.46481079, 0.38737426,
       0.31026103, 0.30502933, 0.19508282, 0.11962187, 0.06754428])])
(1, 8, 11, [array([0.89948073, 0.84135499, 0.69835442, 0.65410728, 0.47465899,
       0.41543425, 0.34784146, 0.23829389, 0.14388128, 0.09996536])])
(1, 8, 12, [array([0.88275139, 0.85988069, 0.67422076, 0.64921958, 0.54192706,
       0.48578503, 0.37013062, 0.26910712, 0.12322965, 0.03859706])])
(1, 8, 13, [array([0.88098336, 0.84890164, 0.7361665 , 0.47240837, 0.4191504 ,
       0.39346055, 0.33358493, 0.30431949, 0.13650029, 0.09504108])])
(1, 9, 11, [array([0.90397476, 0.84771809, 0.71895421, 0.56913584, 0.46778864,
       0.36515744, 0.33765979, 0.26358415, 0.149604  , 0.11189161])])
(1, 9, 12, [array([0.88896545, 0.85795797, 0.64223532, 0.54157298, 0.48932899,
       0.40167196, 0.36224764, 0.26393082, 0.10607338, 0.01304437])])
(1, 9, 13, [array([0.88386339, 0.85599637, 0.71845968, 0.48128289, 0.40499045,
       0.3502574 , 0.32506617, 0.26978346, 0.13665232, 0.0672993 ])])
(1, 10, 11, [array([0.89032859, 0.86195536, 0.71044893, 0.48832877, 0.45172615,
       0.44476555, 0.34909679, 0.16663302, 0.10150762, 0.08054653])])
(1, 10, 12, [array([0.88292712, 0.86015497, 0.66421517, 0.52168535, 0.47311543,
       0.44107113, 0.35623626, 0.26905792, 0.107208  , 0.08839476])])
(1, 10, 13, [array([0.87554732, 0.86120042, 0.69523839, 0.48857188, 0.41344256,
       0.30378585, 0.28747163, 0.2291668 , 0.11685979, 0.07546934])])
(2, 8, 11, [array([0.90373178, 0.83651365, 0.62845809, 0.5723306 , 0.43070381,
       0.39647238, 0.28198299, 0.2275964 , 0.17098256, 0.13161188])])
(2, 8, 12, [array([0.88890664, 0.84336401, 0.63642107, 0.5950468 , 0.47309959,
       0.39957163, 0.31024996, 0.29565426, 0.14119393, 0.06617967])])
(2, 8, 13, [array([0.88008367, 0.84808184, 0.65921362, 0.45851913, 0.37702285,
       0.37502247, 0.27104033, 0.22990678, 0.11617134, 0.06066934])])
(2, 9, 11, [array([0.90018747, 0.83931413, 0.66641573, 0.49069212, 0.46209276,
       0.32664925, 0.27856487, 0.22416939, 0.15605007, 0.05588198])])
(2, 9, 12, [array([0.89075298, 0.84839899, 0.60611069, 0.49632933, 0.45251554,
       0.39733345, 0.3521063 , 0.20999169, 0.09702933, 0.05996247])])
(2, 9, 13, [array([0.87354   , 0.85109536, 0.65569144, 0.48763147, 0.36202917,
       0.31452243, 0.27994027, 0.21078579, 0.12545709, 0.06816076])])
(2, 10, 11, [array([0.88643766, 0.86170487, 0.65752182, 0.41702072, 0.41464056,
       0.34238869, 0.33683098, 0.20713093, 0.10318578, 0.05574311])])
(2, 10, 12, [array([0.88724955, 0.85504091, 0.59731053, 0.46884356, 0.41956472,
       0.39861412, 0.3085852 , 0.2716178 , 0.08315261, 0.05865275])])
(2, 10, 13, [array([0.87520779, 0.86246611, 0.64714033, 0.44599369, 0.37574654,
       0.26378812, 0.23507837, 0.18249735, 0.11799143, 0.0655269 ])])
(3, 8, 11, [array([0.91072463, 0.84074128, 0.68391662, 0.63031807, 0.46420312,
       0.41031503, 0.36468643, 0.24592375, 0.11916348, 0.06617586])])
(3, 8, 12, [array([0.894159  , 0.84933189, 0.6774595 , 0.62517758, 0.53854491,
       0.46793875, 0.33423669, 0.27868847, 0.12924576, 0.04380933])])
(3, 8, 13, [array([0.89035261, 0.85119335, 0.67977493, 0.48208797, 0.40883167,
       0.39088298, 0.33852988, 0.30294793, 0.14602552, 0.0715026 ])])
(3, 9, 11, [array([0.90719737, 0.84140289, 0.68642926, 0.53491971, 0.43659724,
       0.3443902 , 0.29551805, 0.28491308, 0.15230333, 0.08809592])])
(3, 9, 12, [array([0.90028952, 0.85893245, 0.61292838, 0.54359519, 0.47988505,
       0.35535297, 0.3498126 , 0.29373515, 0.15592976, 0.06689852])])
(3, 9, 13, [array([0.89484391, 0.8423919 , 0.68061204, 0.47697751, 0.36045499,
       0.34716002, 0.33488514, 0.26280138, 0.13364709, 0.09660141])])
(3, 10, 11, [array([0.89432102, 0.86333535, 0.68776517, 0.49030481, 0.4499688 ,
       0.38182577, 0.35195395, 0.16243479, 0.14351575, 0.09866181])])
(3, 10, 12, [array([0.88986454, 0.87469624, 0.63877182, 0.53843389, 0.4698322 ,
       0.40407076, 0.33449213, 0.23935386, 0.1234491 , 0.08336986])])
(3, 10, 13, [array([0.88022332, 0.87333763, 0.67247549, 0.45744622, 0.40654904,
       0.3523974 , 0.28626796, 0.23118358, 0.09214514, 0.06846991])])
(4, 8, 11, [array([0.88386753, 0.80386119, 0.62534283, 0.49661061, 0.42186017,
       0.37915592, 0.2731893 , 0.14579742, 0.11542577, 0.05118646])])
(4, 8, 12, [array([0.86268007, 0.82190445, 0.58136065, 0.51708781, 0.43391997,
       0.40172171, 0.28612336, 0.20301079, 0.1054973 , 0.06981455])])
(4, 8, 13, [array([0.8623724 , 0.81933784, 0.62192472, 0.36771686, 0.33902358,
       0.30656057, 0.28807101, 0.18742886, 0.13038357, 0.0683017 ])])
(4, 9, 11, [array([0.87654363, 0.81715792, 0.64562195, 0.51138774, 0.40458133,
       0.29534494, 0.2594525 , 0.14867052, 0.09753602, 0.0659372 ])])
(4, 9, 12, [array([0.8616942 , 0.83317834, 0.57063047, 0.50373356, 0.3779611 ,
       0.31012357, 0.26827445, 0.19825089, 0.07061349, 0.03983262])])
(4, 9, 13, [array([0.85826822, 0.83101809, 0.64588188, 0.36319278, 0.32232366,
       0.29687311, 0.2359022 , 0.19669296, 0.15357546, 0.11045949])])
(4, 10, 11, [array([0.86778751, 0.83306011, 0.6313158 , 0.48082384, 0.34584699,
       0.33128325, 0.26209729, 0.11416675, 0.08993298, 0.04597988])])
(4, 10, 12, [array([0.853137  , 0.84448913, 0.55042529, 0.482091  , 0.35583088,
       0.32192312, 0.25480812, 0.16116098, 0.08236181, 0.02269621])])
(4, 10, 13, [array([0.85309765, 0.84588831, 0.62671395, 0.4007027 , 0.29874115,
       0.25856398, 0.2329702 , 0.15046384, 0.09326817, 0.04268107])])
(5, 8, 11, [array([0.89130894, 0.82384506, 0.66984862, 0.55625319, 0.41408458,
       0.39720558, 0.33511819, 0.20355937, 0.13174082, 0.09200323])])
(5, 8, 12, [array([0.87343214, 0.84096593, 0.60045016, 0.58303257, 0.49142406,
       0.42474053, 0.31031302, 0.27970297, 0.11583316, 0.04078277])])
(5, 8, 13, [array([0.86984301, 0.83117486, 0.66038317, 0.39450362, 0.37939529,
       0.35959722, 0.29982641, 0.23904583, 0.14576446, 0.08133916])])
(5, 9, 11, [array([0.88868958, 0.83872586, 0.70155158, 0.525709  , 0.38993878,
       0.32770979, 0.27959605, 0.19856155, 0.12309469, 0.07415011])])
(5, 9, 12, [array([0.88046778, 0.84285543, 0.57171073, 0.54515816, 0.41607666,
       0.35014565, 0.33815551, 0.25092828, 0.0994219 , 0.06109708])])
(5, 9, 13, [array([0.86933068, 0.83107808, 0.66736436, 0.37153464, 0.35425172,
       0.31037163, 0.25748   , 0.21044816, 0.14931868, 0.09638878])])
(5, 10, 11, [array([0.88824089, 0.85435002, 0.68345549, 0.47644016, 0.41895769,
       0.348472  , 0.31334713, 0.11541237, 0.10540442, 0.04579808])])
(5, 10, 12, [array([0.87715194, 0.86712553, 0.58941229, 0.47785526, 0.39350547,
       0.34683373, 0.31755094, 0.19439557, 0.09539154, 0.05914125])])
(5, 10, 13, [array([0.86602549, 0.85722206, 0.64227618, 0.40328709, 0.31359016,
       0.28984805, 0.23670514, 0.16574613, 0.13108237, 0.08186437])])
(6, 8, 11, [array([0.87654682, 0.81878023, 0.6883294 , 0.60603454, 0.50472268,
       0.42368596, 0.32143858, 0.1725509 , 0.14873561, 0.08003425])])
(6, 8, 12, [array([0.85378949, 0.83614007, 0.67588395, 0.60633615, 0.53619752,
       0.43680227, 0.31525167, 0.22490019, 0.11485635, 0.06787165])])
(6, 8, 13, [array([0.85910417, 0.82991081, 0.6771139 , 0.46349141, 0.36437186,
       0.34045505, 0.30707972, 0.20409331, 0.12967324, 0.10787552])])
(6, 9, 11, [array([0.87495167, 0.82347742, 0.7129631 , 0.52939457, 0.45102613,
       0.37474297, 0.27668404, 0.21079401, 0.10514263, 0.07398025])])
(6, 9, 12, [array([0.87027183, 0.83818681, 0.59047815, 0.55457675, 0.44594624,
       0.41432128, 0.2922884 , 0.25191355, 0.10021016, 0.08830126])])
(6, 9, 13, [array([0.86128454, 0.82837548, 0.67398311, 0.37951396, 0.35987881,
       0.30464251, 0.29040858, 0.22474581, 0.16596113, 0.0602746 ])])
(6, 10, 11, [array([0.86728459, 0.83835695, 0.6833452 , 0.48633718, 0.45729945,
       0.40308527, 0.30446836, 0.13467497, 0.12811807, 0.06818992])])
(6, 10, 12, [array([0.86499344, 0.84059154, 0.58842711, 0.51490946, 0.50767969,
       0.38676408, 0.32530984, 0.16353878, 0.12052709, 0.06124802])])
(6, 10, 13, [array([0.8574454 , 0.84866087, 0.6728605 , 0.41363038, 0.34651668,
       0.31617217, 0.28214521, 0.16405115, 0.09341916, 0.05632311])])
(7, 8, 11, [array([0.89059897, 0.83894625, 0.68464645, 0.57383689, 0.44319284,
       0.41357086, 0.28999534, 0.16834673, 0.12251209, 0.04866246])])
(7, 8, 12, [array([0.86965392, 0.85078305, 0.61981719, 0.60359819, 0.49022139,
       0.44059265, 0.3158292 , 0.22303059, 0.09362586, 0.08707211])])
(7, 8, 13, [array([0.87198133, 0.84276807, 0.66430856, 0.43136138, 0.38596527,
       0.34276511, 0.31551939, 0.19045772, 0.11932535, 0.06644598])])
(7, 9, 11, [array([0.88975081, 0.8458671 , 0.6817793 , 0.50243381, 0.38371922,
       0.38191162, 0.27335448, 0.17919586, 0.09427326, 0.06739721])])
(7, 9, 12, [array([0.87400325, 0.85158725, 0.59399429, 0.51470568, 0.39941692,
       0.37068856, 0.29728637, 0.19813966, 0.0936239 , 0.08114226])])
(7, 9, 13, [array([0.86602686, 0.85745273, 0.66345043, 0.37443955, 0.3685501 ,
       0.36374672, 0.27001554, 0.16544483, 0.14995943, 0.09091446])])
(7, 10, 11, [array([0.87753497, 0.86232485, 0.68719425, 0.45971653, 0.39941589,
       0.31325433, 0.29106529, 0.11725694, 0.11682761, 0.09047081])])
(7, 10, 12, [array([0.87956324, 0.85464312, 0.61555247, 0.46694595, 0.4147849 ,
       0.30241359, 0.27518505, 0.20109649, 0.11336124, 0.07385937])])
(7, 10, 13, [array([0.86909079, 0.85377801, 0.6816091 , 0.41588699, 0.33275593,
       0.27382396, 0.20188478, 0.17893809, 0.09707051, 0.08982923])])
