(0, 3, 6, [[0.7540983606557377, 0.9344262295081968], [0.7786885245901639, 0.9549180327868853], [0.8524590163934426, 0.819672131147541]])
(0, 3, 7, [[0.7827868852459017, 0.9098360655737705], [0.7991803278688525, 0.9016393442622951], [0.8688524590163934, 0.860655737704918]])
(0, 3, 8, [[0.7377049180327869, 0.930327868852459], [0.8237704918032787, 0.9385245901639344], [0.8565573770491803, 0.8729508196721312]])
(0, 4, 6, [[0.7581967213114754, 0.9631147540983607], [0.7786885245901639, 0.930327868852459], [0.8811475409836066, 0.8360655737704918]])
(0, 4, 7, [[0.7786885245901639, 0.9139344262295082], [0.8114754098360656, 0.860655737704918], [0.8524590163934426, 0.7704918032786885]])
(0, 4, 8, [[0.7745901639344263, 0.9467213114754098], [0.8073770491803278, 0.9344262295081968], [0.8729508196721312, 0.8278688524590164]])
(0, 5, 6, [[0.5245901639344263, 0.9508196721311475], [0.6024590163934426, 0.7786885245901639], [0.8647540983606558, 0.6352459016393442]])
(0, 5, 7, [[0.5409836065573771, 0.9262295081967213], [0.6270491803278688, 0.7295081967213115], [0.8565573770491803, 0.5778688524590164]])
(0, 5, 8, [[0.5040983606557377, 0.9426229508196722], [0.6721311475409836, 0.819672131147541], [0.8647540983606558, 0.610655737704918]])
(1, 3, 6, [[0.7336065573770492, 0.889344262295082], [0.8155737704918032, 0.9467213114754098], [0.8483606557377049, 0.8770491803278688]])
(1, 3, 7, [[0.7827868852459017, 0.8483606557377049], [0.7827868852459017, 0.9385245901639344], [0.7868852459016393, 0.8319672131147541]])
(1, 3, 8, [[0.7540983606557377, 0.8934426229508197], [0.7581967213114754, 0.9877049180327869], [0.8565573770491803, 0.889344262295082]])
(1, 4, 6, [[0.7540983606557377, 0.9057377049180327], [0.8073770491803278, 0.9549180327868853], [0.8319672131147541, 0.8155737704918032]])
(1, 4, 7, [[0.8237704918032787, 0.8934426229508197], [0.8073770491803278, 0.9221311475409836], [0.8237704918032787, 0.8114754098360656]])
(1, 4, 8, [[0.7090163934426229, 0.9385245901639344], [0.7336065573770492, 0.9180327868852459], [0.8442622950819673, 0.7991803278688525]])
(1, 5, 6, [[0.4918032786885246, 0.8975409836065574], [0.6147540983606558, 0.7704918032786885], [0.819672131147541, 0.6147540983606558]])
(1, 5, 7, [[0.47950819672131145, 0.8934426229508197], [0.6311475409836066, 0.7213114754098361], [0.8032786885245902, 0.5901639344262295]])
(1, 5, 8, [[0.5327868852459017, 0.9180327868852459], [0.680327868852459, 0.8483606557377049], [0.8483606557377049, 0.6188524590163934]])
(2, 3, 6, [[0.7909836065573771, 0.9467213114754098], [0.8524590163934426, 0.9549180327868853], [0.8565573770491803, 0.8647540983606558]])
(2, 3, 7, [[0.819672131147541, 0.8934426229508197], [0.8114754098360656, 0.8811475409836066], [0.8811475409836066, 0.7909836065573771]])
(2, 3, 8, [[0.8442622950819673, 0.9713114754098361], [0.8565573770491803, 0.9754098360655737], [0.9180327868852459, 0.889344262295082]])
(2, 4, 6, [[0.7418032786885246, 0.9631147540983607], [0.7459016393442623, 0.9467213114754098], [0.889344262295082, 0.8360655737704918]])
(2, 4, 7, [[0.7459016393442623, 0.930327868852459], [0.7581967213114754, 0.860655737704918], [0.8770491803278688, 0.7950819672131147]])
(2, 4, 8, [[0.7991803278688525, 0.9508196721311475], [0.8401639344262295, 0.9344262295081968], [0.889344262295082, 0.8770491803278688]])
(2, 5, 6, [[0.5573770491803278, 0.9467213114754098], [0.6598360655737705, 0.7827868852459017], [0.8852459016393442, 0.6147540983606558]])
(2, 5, 7, [[0.5204918032786885, 0.9385245901639344], [0.6065573770491803, 0.7704918032786885], [0.8852459016393442, 0.5942622950819673]])
(2, 5, 8, [[0.569672131147541, 0.9713114754098361], [0.6147540983606558, 0.8975409836065574], [0.9139344262295082, 0.6598360655737705]])
