(0, 3, 6, [[0.2692307692307692, 0.28846153846153844], [0.46153846153846156, 0.038461538461538464], [0.2692307692307692, 0.28846153846153844]])
(0, 3, 7, [[0.34615384615384615, 0.3076923076923077], [0.038461538461538464, 0.09615384615384616], [0.21153846153846154, 0.2692307692307692]])
(0, 3, 8, [[0.09615384615384616, 0.4807692307692308], [0.11538461538461539, 0.2692307692307692], [0.40384615384615385, 0.09615384615384616]])
(0, 4, 6, [[0.2692307692307692, 0.07692307692307693], [0.25, 0.4230769230769231], [0.19230769230769232, 0.17307692307692307]])
(0, 4, 7, [[0.28846153846153844, 0.057692307692307696], [0.3076923076923077, 0.11538461538461539], [0.3076923076923077, 0.07692307692307693]])
(0, 4, 8, [[0.28846153846153844, 0.5769230769230769], [0.19230769230769232, 0.11538461538461539], [0.4230769230769231, 0.23076923076923078]])
(0, 5, 6, [[0.1346153846153846, 0.5769230769230769], [0.11538461538461539, 0.11538461538461539], [0.5192307692307693, 0.19230769230769232]])
(0, 5, 7, [[0.17307692307692307, 0.5], [0.3076923076923077, 0.0], [0.36538461538461536, 0.17307692307692307]])
(0, 5, 8, [[0.28846153846153844, 0.0], [0.19230769230769232, 0.5192307692307693], [0.15384615384615385, 0.46153846153846156]])
(1, 3, 6, [[0.07692307692307693, 0.1346153846153846], [0.15384615384615385, 0.0], [0.36538461538461536, 0.057692307692307696]])
(1, 3, 7, [[0.36538461538461536, 0.5], [0.4423076923076923, 0.19230769230769232], [0.34615384615384615, 0.34615384615384615]])
(1, 3, 8, [[0.019230769230769232, 0.46153846153846156], [0.019230769230769232, 0.2692307692307692], [0.6153846153846154, 0.2692307692307692]])
(1, 4, 6, [[0.28846153846153844, 0.21153846153846154], [0.36538461538461536, 0.038461538461538464], [0.2692307692307692, 0.1346153846153846]])
(1, 4, 7, [[0.34615384615384615, 0.21153846153846154], [0.15384615384615385, 0.23076923076923078], [0.19230769230769232, 0.057692307692307696]])
(1, 4, 8, [[0.28846153846153844, 0.5769230769230769], [0.28846153846153844, 0.25], [0.5192307692307693, 0.17307692307692307]])
(1, 5, 6, [[0.28846153846153844, 0.0], [0.11538461538461539, 0.2692307692307692], [0.019230769230769232, 0.057692307692307696]])
(1, 5, 7, [[0.17307692307692307, 0.21153846153846154], [0.07692307692307693, 0.28846153846153844], [0.5384615384615384, 0.19230769230769232]])
(1, 5, 8, [[0.1346153846153846, 0.5], [0.057692307692307696, 0.36538461538461536], [0.5961538461538461, 0.3269230769230769]])
(2, 3, 6, [[0.15384615384615385, 0.019230769230769232], [0.3076923076923077, 0.19230769230769232], [0.057692307692307696, 0.09615384615384616]])
(2, 3, 7, [[0.07692307692307693, 0.7307692307692307], [0.11538461538461539, 0.5], [0.5384615384615384, 0.5769230769230769]])
(2, 3, 8, [[0.4230769230769231, 0.09615384615384616], [0.25, 0.2692307692307692], [0.09615384615384616, 0.17307692307692307]])
(2, 4, 6, [[0.28846153846153844, 0.0], [0.0, 0.4423076923076923], [0.11538461538461539, 0.3269230769230769]])
(2, 4, 7, [[0.23076923076923078, 0.019230769230769232], [0.38461538461538464, 0.09615384615384616], [0.019230769230769232, 0.19230769230769232]])
(2, 4, 8, [[0.34615384615384615, 0.5], [0.09615384615384616, 0.25], [0.4807692307692308, 0.4423076923076923]])
(2, 5, 6, [[0.15384615384615385, 0.7307692307692307], [0.057692307692307696, 0.019230769230769232], [0.5384615384615384, 0.17307692307692307]])
(2, 5, 7, [[0.25, 0.2692307692307692], [0.2692307692307692, 0.34615384615384615], [0.28846153846153844, 0.2692307692307692]])
(2, 5, 8, [[0.21153846153846154, 0.09615384615384616], [0.17307692307692307, 0.25], [0.019230769230769232, 0.11538461538461539]])
