(0, 8, 11, [[0.9261363636363636, 0.7045454545454546], [0.9488636363636364, 0.6875], [0.9034090909090909, 0.6818181818181818]])
(0, 8, 12, [[0.796875, 0.703125], [0.9375, 0.75], [0.7109375, 0.6484375]])
(0, 8, 13, [[0.89375, 0.84375], [0.94375, 0.7875], [0.925, 0.78125]])
(0, 9, 11, [[0.8697916666666666, 0.78125], [0.9427083333333334, 0.6770833333333334], [0.8020833333333334, 0.7135416666666666]])
(0, 9, 12, [[0.6953125, 0.53125], [0.84375, 0.5859375], [0.7265625, 0.484375]])
(0, 9, 13, [[0.96875, 0.89375], [0.95, 0.6125], [0.9125, 0.7625]])
(0, 10, 11, [[0.8392857142857143, 0.7023809523809523], [0.9464285714285714, 0.7321428571428571], [0.8869047619047619, 0.7857142857142857]])
(0, 10, 12, [[0.7578125, 0.6640625], [0.9375, 0.6171875], [0.6875, 0.6015625]])
(0, 10, 13, [[0.86875, 0.79375], [0.95, 0.75625], [0.94375, 0.75625]])
(1, 8, 11, [[0.6193181818181818, 0.3465909090909091], [0.9090909090909091, 0.8125], [0.9715909090909091, 0.7159090909090909]])
(1, 8, 12, [[0.5703125, 0.4453125], [0.9609375, 0.8359375], [0.8359375, 0.78125]])
(1, 8, 13, [[0.55, 0.4375], [0.88125, 0.85625], [0.925, 0.7625]])
(1, 9, 11, [[0.5520833333333334, 0.23958333333333334], [0.8854166666666666, 0.6041666666666666], [0.8020833333333334, 0.7239583333333334]])
(1, 9, 12, [[0.6328125, 0.4921875], [0.890625, 0.6328125], [0.8359375, 0.6640625]])
(1, 9, 13, [[0.525, 0.45], [0.9, 0.7875], [0.96875, 0.8125]])
(1, 10, 11, [[0.7440476190476191, 0.5178571428571429], [0.9166666666666666, 0.75], [0.9642857142857143, 0.7857142857142857]])
(1, 10, 12, [[0.5546875, 0.4921875], [0.984375, 0.7109375], [0.859375, 0.65625]])
(1, 10, 13, [[0.5625, 0.3875], [0.925, 0.90625], [0.975, 0.85625]])
(2, 8, 11, [[0.8970588235294118, 0.6985294117647058], [0.8602941176470589, 0.8455882352941176], [0.6838235294117647, 0.8235294117647058]])
(2, 8, 12, [[0.8828125, 0.6015625], [0.8671875, 0.828125], [0.2890625, 0.6796875]])
(2, 8, 13, [[0.8970588235294118, 0.75], [0.8602941176470589, 0.8529411764705882], [0.8088235294117647, 0.8897058823529411]])
(2, 9, 11, [[0.8308823529411765, 0.6617647058823529], [0.8308823529411765, 0.5882352941176471], [0.6470588235294118, 0.8602941176470589]])
(2, 9, 12, [[0.859375, 0.7265625], [0.84375, 0.6640625], [0.375, 0.515625]])
(2, 9, 13, [[0.8676470588235294, 0.8308823529411765], [0.8308823529411765, 0.5735294117647058], [0.5808823529411765, 0.7279411764705882]])
(2, 10, 11, [[0.8014705882352942, 0.5882352941176471], [0.7867647058823529, 0.6764705882352942], [0.5661764705882353, 0.7352941176470589]])
(2, 10, 12, [[0.890625, 0.640625], [0.8671875, 0.7265625], [0.4140625, 0.6640625]])
(2, 10, 13, [[0.8161764705882353, 0.6544117647058824], [0.875, 0.5661764705882353], [0.8088235294117647, 0.8014705882352942]])
(3, 8, 11, [[0.7102272727272727, 0.5397727272727273], [0.9204545454545454, 0.625], [0.7215909090909091, 0.6931818181818182]])
(3, 8, 12, [[0.734375, 0.578125], [0.9296875, 0.8515625], [0.578125, 0.546875]])
(3, 8, 13, [[0.71875, 0.55], [0.91875, 0.66875], [0.76875, 0.85625]])
(3, 9, 11, [[0.6770833333333334, 0.6510416666666666], [0.8333333333333334, 0.6197916666666666], [0.7083333333333334, 0.6770833333333334]])
(3, 9, 12, [[0.71875, 0.4921875], [0.84375, 0.453125], [0.5625, 0.46875]])
(3, 9, 13, [[0.70625, 0.66875], [0.8375, 0.6375], [0.79375, 0.80625]])
(3, 10, 11, [[0.6547619047619048, 0.5892857142857143], [0.8035714285714286, 0.6964285714285714], [0.6666666666666666, 0.5119047619047619]])
(3, 10, 12, [[0.7265625, 0.5078125], [0.8046875, 0.5625], [0.53125, 0.421875]])
(3, 10, 13, [[0.675, 0.5625], [0.875, 0.73125], [0.69375, 0.7125]])
(4, 8, 11, [[0.6988636363636364, 0.7386363636363636], [0.8579545454545454, 0.6193181818181818], [0.9204545454545454, 0.8409090909090909]])
(4, 8, 12, [[0.8359375, 0.796875], [0.8984375, 0.8125], [0.6953125, 0.640625]])
(4, 8, 13, [[0.79375, 0.78125], [0.9875, 0.76875], [0.9125, 0.775]])
(4, 9, 11, [[0.84375, 0.859375], [0.8697916666666666, 0.7083333333333334], [0.8802083333333334, 0.8125]])
(4, 9, 12, [[0.8125, 0.8359375], [0.8828125, 0.53125], [0.8125, 0.578125]])
(4, 9, 13, [[0.83125, 0.85], [0.88125, 0.73125], [0.95625, 0.9]])
(4, 10, 11, [[0.7857142857142857, 0.8214285714285714], [0.8333333333333334, 0.7678571428571429], [0.9702380952380952, 0.8095238095238095]])
(4, 10, 12, [[0.84375, 0.84375], [0.7734375, 0.609375], [0.7578125, 0.6171875]])
(4, 10, 13, [[0.70625, 0.78125], [0.8375, 0.69375], [0.9875, 0.68125]])
(5, 8, 11, [[0.2215909090909091, 0.39204545454545453], [0.2897727272727273, 0.6363636363636364], [0.25, 0.6704545454545454]])
(5, 8, 12, [[0.2421875, 0.2421875], [0.25, 0.84375], [0.140625, 0.609375]])
(5, 8, 13, [[0.34375, 0.49375], [0.25, 0.8125], [0.375, 0.73125]])
(5, 9, 11, [[0.18229166666666666, 0.3072916666666667], [0.125, 0.5729166666666666], [0.16666666666666666, 0.609375]])
(5, 9, 12, [[0.3203125, 0.453125], [0.15625, 0.5546875], [0.1328125, 0.5]])
(5, 9, 13, [[0.3, 0.46875], [0.31875, 0.7], [0.38125, 0.60625]])
(5, 10, 11, [[0.26785714285714285, 0.42857142857142855], [0.20238095238095238, 0.7797619047619048], [0.23214285714285715, 0.6190476190476191]])
(5, 10, 12, [[0.1328125, 0.25], [0.1796875, 0.6796875], [0.359375, 0.6171875]])
(5, 10, 13, [[0.325, 0.54375], [0.23125, 0.76875], [0.50625, 0.69375]])
(6, 8, 11, [[0.5284090909090909, 0.7784090909090909], [0.7329545454545454, 0.6761363636363636], [0.8409090909090909, 0.6647727272727273]])
(6, 8, 12, [[0.6484375, 0.7265625], [0.734375, 0.8203125], [0.71875, 0.671875]])
(6, 8, 13, [[0.6875, 0.83125], [0.66875, 0.8125], [0.7375, 0.76875]])
(6, 9, 11, [[0.5416666666666666, 0.625], [0.5885416666666666, 0.5833333333333334], [0.7291666666666666, 0.6979166666666666]])
(6, 9, 12, [[0.828125, 0.7265625], [0.6953125, 0.578125], [0.6640625, 0.65625]])
(6, 9, 13, [[0.78125, 0.88125], [0.725, 0.6], [0.8375, 0.80625]])
(6, 10, 11, [[0.5535714285714286, 0.7916666666666666], [0.6369047619047619, 0.7857142857142857], [0.7202380952380952, 0.7916666666666666]])
(6, 10, 12, [[0.5625, 0.7734375], [0.4609375, 0.640625], [0.71875, 0.59375]])
(6, 10, 13, [[0.55625, 0.8125], [0.675, 0.75625], [0.86875, 0.725]])
(7, 8, 11, [[0.2897727272727273, 0.36363636363636365], [0.3522727272727273, 0.75], [0.32954545454545453, 0.6931818181818182]])
(7, 8, 12, [[0.265625, 0.4453125], [0.25, 0.7890625], [0.4140625, 0.6015625]])
(7, 8, 13, [[0.34375, 0.50625], [0.425, 0.83125], [0.46875, 0.75]])
(7, 9, 11, [[0.20833333333333334, 0.3645833333333333], [0.19270833333333334, 0.5833333333333334], [0.4427083333333333, 0.6302083333333334]])
(7, 9, 12, [[0.2578125, 0.453125], [0.2578125, 0.59375], [0.484375, 0.65625]])
(7, 9, 13, [[0.30625, 0.525], [0.175, 0.66875], [0.41875, 0.68125]])
(7, 10, 11, [[0.18452380952380953, 0.30952380952380953], [0.17857142857142858, 0.8035714285714286], [0.44642857142857145, 0.75]])
(7, 10, 12, [[0.140625, 0.2890625], [0.25, 0.65625], [0.4921875, 0.515625]])
(7, 10, 13, [[0.3, 0.36875], [0.48125, 0.78125], [0.4375, 0.75]])
