(0, 8, 11, array([0.37003447, 0.34399402, 0.3806793 , 0.18818339, 0.06238687,
       0.16562525, 0.09585624, 0.07787162, 0.02899585, 0.04549263]))
(0, 8, 12, array([0.11423665, 0.51821284, 0.3939195 , 0.23407602, 0.07439484,
       0.14067305, 0.07187404, 0.12763046, 0.09189188, 0.10130804]))
(0, 8, 13, array([0.25699846, 0.17948782, 0.20494133, 0.17037369, 0.04791585,
       0.06292669, 0.15367688, 0.09307765, 0.03947646, 0.09646989]))
(0, 9, 11, array([0.35439712, 0.29807551, 0.35199585, 0.06981378, 0.11527337,
       0.12309804, 0.10137718, 0.06569313, 0.04544826, 0.03249152]))
(0, 9, 12, array([0.07005247, 0.48855466, 0.41474712, 0.13713521, 0.1353467 ,
       0.08485272, 0.10154715, 0.06374786, 0.09646611, 0.07578574]))
(0, 9, 13, array([0.20718046, 0.18501089, 0.24370728, 0.09170328, 0.11511143,
       0.15931801, 0.12458062, 0.0764085 , 0.07217675, 0.06104548]))
(0, 10, 11, array([0.36629388, 0.3172602 , 0.37419216, 0.10080541, 0.10113023,
       0.06652357, 0.13512058, 0.06671973, 0.01515622, 0.0345678 ]))
(0, 10, 12, array([0.11145663, 0.53226392, 0.45896163, 0.10648649, 0.15266331,
       0.09288962, 0.12179012, 0.13236766, 0.09714369, 0.12300743]))
(0, 10, 13, array([0.31497176, 0.20501827, 0.24632962, 0.10125939, 0.08458185,
       0.05468596, 0.16836764, 0.11080757, 0.05681893, 0.07294315]))
(1, 8, 11, array([0.4968147 , 0.37058766, 0.37372583, 0.10857057, 0.08626628,
       0.11449225, 0.14230919, 0.12138061, 0.07968673, 0.07916185]))
(1, 8, 12, array([0.15608556, 0.37169455, 0.38776011, 0.108002  , 0.09151988,
       0.14749087, 0.08100487, 0.09331774, 0.11629288, 0.11751888]))
(1, 8, 13, array([0.24798952, 0.24232661, 0.19593551, 0.10873856, 0.06176239,
       0.0212703 , 0.09405406, 0.14825554, 0.04449458, 0.07546138]))
(1, 9, 11, array([0.54570074, 0.40750331, 0.39106551, 0.03639052, 0.13087694,
       0.11064644, 0.14045435, 0.10267057, 0.06450184, 0.05254401]))
(1, 9, 12, array([0.18704064, 0.40489161, 0.4566051 , 0.15083828, 0.16701884,
       0.14329971, 0.0490483 , 0.04093094, 0.12556755, 0.10045447]))
(1, 9, 13, array([0.26373144, 0.31076754, 0.27957828, 0.11451652, 0.16002087,
       0.14389558, 0.09844332, 0.07688747, 0.03494212, 0.05787856]))
(1, 10, 11, array([0.45234048, 0.34103451, 0.40274064, 0.09379722, 0.09738914,
       0.10208936, 0.08360512, 0.09789047, 0.05982998, 0.0351685 ]))
(1, 10, 12, array([0.11577028, 0.40375377, 0.46992427, 0.0760065 , 0.15200637,
       0.14409636, 0.03518577, 0.06236966, 0.11314891, 0.07118446]))
(1, 10, 13, array([0.26135412, 0.25631843, 0.24013572, 0.1117857 , 0.07294612,
       0.07564555, 0.06023062, 0.14860623, 0.05910555, 0.04916289]))
(2, 8, 11, array([0.54826645, 0.47190971, 0.45432873, 0.10058855, 0.07177843,
       0.15535031, 0.11159276, 0.16423571, 0.0711416 , 0.11463904]))
(2, 8, 12, array([0.20947167, 0.36553813, 0.30266926, 0.12892324, 0.06996923,
       0.14099794, 0.11635851, 0.21248416, 0.09686103, 0.09341964]))
(2, 8, 13, array([0.29268748, 0.31750359, 0.2531308 , 0.07896515, 0.09073428,
       0.04236956, 0.12944173, 0.21331241, 0.04940469, 0.04972572]))
(2, 9, 11, array([0.57613535, 0.47999294, 0.41670477, 0.07795881, 0.10435322,
       0.09206431, 0.14172738, 0.03882658, 0.09090844, 0.06867387]))
(2, 9, 12, array([0.23735865, 0.35955452, 0.31057246, 0.19147797, 0.11954697,
       0.081504  , 0.1476687 , 0.05212074, 0.16902927, 0.0368952 ]))
(2, 9, 13, array([0.28810324, 0.36003712, 0.26883903, 0.13232422, 0.17903864,
       0.10030518, 0.14406318, 0.05962679, 0.06883695, 0.0260447 ]))
(2, 10, 11, array([0.50903909, 0.44093705, 0.45353792, 0.11757821, 0.06343088,
       0.07806315, 0.09687015, 0.0336614 , 0.05377726, 0.06650274]))
(2, 10, 12, array([0.14267094, 0.3892164 , 0.37523131, 0.16422499, 0.07988307,
       0.0951851 , 0.10558877, 0.04460439, 0.09851943, 0.10436172]))
(2, 10, 13, array([0.30726853, 0.30894261, 0.2564205 , 0.13362723, 0.07164225,
       0.05162625, 0.05571837, 0.06500893, 0.02897782, 0.03314958]))
(3, 8, 11, array([0.3646012 , 0.30072999, 0.45608748, 0.11561068, 0.13977417,
       0.10348133, 0.13801093, 0.10997594, 0.06620256, 0.07072272]))
(3, 8, 12, array([0.07986014, 0.40571973, 0.42311163, 0.11496497, 0.12214761,
       0.08959021, 0.10905669, 0.09674287, 0.07581803, 0.06670291]))
(3, 8, 13, array([0.21096974, 0.11651559, 0.22471033, 0.19533305, 0.17479657,
       0.0533874 , 0.2439195 , 0.16220764, 0.04805586, 0.07670601]))
(3, 9, 11, array([0.39750829, 0.30359185, 0.43160544, 0.11081736, 0.17603422,
       0.08298997, 0.04317031, 0.05551341, 0.05685002, 0.03600851]))
(3, 9, 12, array([0.07967509, 0.39929616, 0.48810645, 0.22754653, 0.17414249,
       0.02964201, 0.04331852, 0.06950462, 0.11350363, 0.0675795 ]))
(3, 9, 13, array([0.20517398, 0.16305986, 0.28591808, 0.28051922, 0.23060378,
       0.12437963, 0.15575546, 0.0855358 , 0.06498425, 0.04388185]))
(3, 10, 11, array([0.36215366, 0.27168855, 0.44063413, 0.06434476, 0.17224893,
       0.08415142, 0.03358399, 0.09661034, 0.04141067, 0.0257498 ]))
(3, 10, 12, array([0.05814195, 0.43384552, 0.51711817, 0.02916708, 0.18020384,
       0.10665244, 0.00570041, 0.06625594, 0.09114385, 0.10413834]))
(3, 10, 13, array([0.24920225, 0.16169796, 0.28212915, 0.16576374, 0.17951726,
       0.12317363, 0.15463513, 0.17804307, 0.07338576, 0.05741315]))
(4, 8, 11, array([0.31375918, 0.35733633, 0.25462485, 0.10257115, 0.07005402,
       0.14118592, 0.06301196, 0.0670355 , 0.06118509, 0.1026156 ]))
(4, 8, 12, array([0.07836675, 0.36985938, 0.2188103 , 0.18246906, 0.11524187,
       0.17786364, 0.05673134, 0.08124004, 0.08442565, 0.13364191]))
(4, 8, 13, array([0.19913254, 0.18543237, 0.17805977, 0.12554585, 0.08704877,
       0.09140238, 0.08595278, 0.12958103, 0.06704717, 0.08278071]))
(4, 9, 11, array([0.37741786, 0.3371972 , 0.22162941, 0.06877866, 0.11949942,
       0.16743928, 0.08646231, 0.05375649, 0.04740941, 0.07211066]))
(4, 9, 12, array([0.12045438, 0.36013257, 0.20531563, 0.17674649, 0.1744996 ,
       0.16331058, 0.10102084, 0.05768686, 0.07624558, 0.09362225]))
(4, 9, 13, array([0.22023111, 0.19605489, 0.19686896, 0.16497988, 0.15807139,
       0.19436231, 0.07480431, 0.08654338, 0.08051939, 0.05818746]))
(4, 10, 11, array([0.28676387, 0.28483468, 0.25433581, 0.06128217, 0.07255529,
       0.11518448, 0.07813046, 0.05565718, 0.02904925, 0.06271118]))
(4, 10, 12, array([0.06014728, 0.36428767, 0.24137237, 0.09384281, 0.13386963,
       0.17759184, 0.08011019, 0.06355141, 0.09816176, 0.12079485]))
(4, 10, 13, array([0.21339254, 0.1737828 , 0.19964347, 0.11549817, 0.07956038,
       0.12946414, 0.07507204, 0.14178413, 0.05976396, 0.05805716]))
(5, 8, 11, array([0.43227774, 0.33622451, 0.24602512, 0.06445962, 0.08658647,
       0.11741903, 0.08668677, 0.14823989, 0.08863775, 0.02715956]))
(5, 8, 12, array([0.10803963, 0.36756393, 0.13202319, 0.14145635, 0.14253057,
       0.19520213, 0.07311507, 0.17188429, 0.03931387, 0.02960685]))
(5, 8, 13, array([0.24131688, 0.16906323, 0.02341259, 0.13175504, 0.07122843,
       0.08849159, 0.0616663 , 0.18504739, 0.03222116, 0.03767074]))
(5, 9, 11, array([0.48327457, 0.36591784, 0.23063186, 0.14476444, 0.03384402,
       0.06134288, 0.03434246, 0.07643516, 0.08068261, 0.05331966]))
(5, 9, 12, array([0.11945924, 0.3718261 , 0.16363496, 0.32563871, 0.11921984,
       0.06621465, 0.01965647, 0.05965042, 0.06737572, 0.05946433]))
(5, 9, 13, array([0.25657887, 0.21797602, 0.10749887, 0.29276211, 0.07546573,
       0.13484967, 0.02281533, 0.07605356, 0.04205723, 0.03425272]))
(5, 10, 11, array([0.38108528, 0.2988066 , 0.23293722, 0.0326962 , 0.02687468,
       0.09180917, 0.06666518, 0.10340746, 0.05939873, 0.04339426]))
(5, 10, 12, array([0.10372911, 0.36916967, 0.17585529, 0.10123438, 0.14252142,
       0.1490496 , 0.05084189, 0.0620685 , 0.03293843, 0.15360746]))
(5, 10, 13, array([0.23944254, 0.17080387, 0.05355694, 0.15353812, 0.04084003,
       0.11519557, 0.06034904, 0.1032255 , 0.03727093, 0.04366606]))
(6, 8, 11, array([0.38542114, 0.3520044 , 0.23390018, 0.02359804, 0.05745176,
       0.10021466, 0.09907428, 0.14869931, 0.06451622, 0.05104645]))
(6, 8, 12, array([0.14017913, 0.4434317 , 0.19099537, 0.11133465, 0.09278394,
       0.20279317, 0.09773651, 0.21194421, 0.02143673, 0.05402661]))
(6, 8, 13, array([0.28600941, 0.17258481, 0.05278189, 0.15427375, 0.05093775,
       0.03742626, 0.07294541, 0.20254774, 0.02707392, 0.06014115]))
(6, 9, 11, array([0.35456169, 0.33761153, 0.24978273, 0.14154507, 0.04958126,
       0.08439741, 0.10282265, 0.06275917, 0.04958483, 0.0566476 ]))
(6, 9, 12, array([0.12477762, 0.41980093, 0.24870004, 0.26020648, 0.10980381,
       0.09425462, 0.08267137, 0.10639895, 0.04864431, 0.09160225]))
(6, 9, 13, array([0.21722469, 0.1924113 , 0.1407405 , 0.30871522, 0.08768086,
       0.1107056 , 0.06921314, 0.05183123, 0.05570341, 0.07017055]))
(6, 10, 11, array([0.373395  , 0.33860224, 0.23197261, 0.05286385, 0.0406683 ,
       0.06108035, 0.02746256, 0.07589312, 0.01931102, 0.05747083]))
(6, 10, 12, array([0.16580198, 0.50011508, 0.24036   , 0.11439031, 0.1145795 ,
       0.15723776, 0.0393906 , 0.07609445, 0.04152395, 0.13660223]))
(6, 10, 13, array([0.31886125, 0.21211873, 0.0785144 , 0.23578594, 0.04706354,
       0.08172006, 0.02064007, 0.08405982, 0.03959784, 0.09825203]))
(7, 8, 11, array([0.36055842, 0.34319671, 0.216785  , 0.04758839, 0.11877584,
       0.06773058, 0.09886676, 0.16772966, 0.08788456, 0.04902343]))
(7, 8, 12, array([0.09870028, 0.45748662, 0.11475344, 0.14338423, 0.14961501,
       0.10681382, 0.08110191, 0.12797634, 0.06920739, 0.05324746]))
(7, 8, 13, array([0.26016648, 0.19027292, 0.02396114, 0.13427223, 0.12423272,
       0.04804891, 0.1040548 , 0.1543741 , 0.06067317, 0.05789634]))
(7, 9, 11, array([0.33636374, 0.31846347, 0.20906531, 0.15321492, 0.06852468,
       0.04336539, 0.08589312, 0.09817009, 0.04998782, 0.05193259]))
(7, 9, 12, array([0.06394038, 0.42640854, 0.12780108, 0.28008394, 0.11979894,
       0.10485937, 0.04832236, 0.0894818 , 0.08099015, 0.07551228]))
(7, 9, 13, array([0.18686147, 0.20319441, 0.07806943, 0.29901427, 0.10302775,
       0.13371116, 0.07835875, 0.06444896, 0.02469876, 0.04227537]))
(7, 10, 11, array([0.35905218, 0.32432857, 0.21761857, 0.05222005, 0.06302672,
       0.02186291, 0.06489145, 0.12312236, 0.05416523, 0.01161385]))
(7, 10, 12, array([0.12572975, 0.49342392, 0.15367602, 0.14032491, 0.12151411,
       0.14208342, 0.0540954 , 0.05915278, 0.08406151, 0.08145283]))
(7, 10, 13, array([0.28619288, 0.23080785, 0.06083448, 0.19002121, 0.04756481,
       0.1084184 , 0.06991405, 0.11549731, 0.0135063 , 0.02906241]))
