(0, 3, 6, [[0.7574626865671642, 0.7276119402985075], [0.664179104477612, 0.9029850746268657], [0.6865671641791045, 0.8656716417910447]])
(0, 3, 7, [[0.746268656716418, 0.6791044776119403], [0.6753731343283582, 0.8171641791044776], [0.6940298507462687, 0.8246268656716418]])
(0, 3, 8, [[0.6455223880597015, 0.7052238805970149], [0.6231343283582089, 0.8470149253731343], [0.6380597014925373, 0.8507462686567164]])
(0, 4, 6, [[0.6753731343283582, 0.7686567164179104], [0.5895522388059702, 0.832089552238806], [0.6716417910447762, 0.7835820895522388]])
(0, 4, 7, [[0.6716417910447762, 0.6529850746268657], [0.6044776119402985, 0.7052238805970149], [0.6380597014925373, 0.7313432835820896]])
(0, 4, 8, [[0.6492537313432836, 0.8208955223880597], [0.6455223880597015, 0.8171641791044776], [0.6791044776119403, 0.7649253731343284]])
(0, 5, 6, [[0.7985074626865671, 0.835820895522388], [0.664179104477612, 0.8731343283582089], [0.6492537313432836, 0.8880597014925373]])
(0, 5, 7, [[0.8059701492537313, 0.6716417910447762], [0.7126865671641791, 0.7798507462686567], [0.6194029850746269, 0.8582089552238806]])
(0, 5, 8, [[0.8097014925373134, 0.7798507462686567], [0.6902985074626866, 0.8432835820895522], [0.6455223880597015, 0.8507462686567164]])
(1, 3, 6, [[0.7761194029850746, 0.7947761194029851], [0.667910447761194, 0.8731343283582089], [0.7126865671641791, 0.8432835820895522]])
(1, 3, 7, [[0.7313432835820896, 0.7126865671641791], [0.7014925373134329, 0.7947761194029851], [0.746268656716418, 0.8097014925373134]])
(1, 3, 8, [[0.7798507462686567, 0.8059701492537313], [0.7126865671641791, 0.8470149253731343], [0.7164179104477612, 0.8097014925373134]])
(1, 4, 6, [[0.7313432835820896, 0.7835820895522388], [0.6716417910447762, 0.7238805970149254], [0.6828358208955224, 0.7313432835820896]])
(1, 4, 7, [[0.7014925373134329, 0.7350746268656716], [0.7425373134328358, 0.7611940298507462], [0.7425373134328358, 0.7649253731343284]])
(1, 4, 8, [[0.7611940298507462, 0.7761194029850746], [0.7425373134328358, 0.835820895522388], [0.753731343283582, 0.7835820895522388]])
(1, 5, 6, [[0.835820895522388, 0.7649253731343284], [0.6977611940298507, 0.917910447761194], [0.753731343283582, 0.9216417910447762]])
(1, 5, 7, [[0.7798507462686567, 0.6828358208955224], [0.6977611940298507, 0.7947761194029851], [0.7164179104477612, 0.8843283582089553]])
(1, 5, 8, [[0.8283582089552238, 0.8619402985074627], [0.6902985074626866, 0.8694029850746269], [0.753731343283582, 0.917910447761194]])
(2, 3, 6, [[0.753731343283582, 0.75], [0.7425373134328358, 0.8432835820895522], [0.6977611940298507, 0.8582089552238806]])
(2, 3, 7, [[0.7164179104477612, 0.7164179104477612], [0.6865671641791045, 0.7947761194029851], [0.7164179104477612, 0.8470149253731343]])
(2, 3, 8, [[0.8134328358208955, 0.8059701492537313], [0.7201492537313433, 0.8134328358208955], [0.7835820895522388, 0.835820895522388]])
(2, 4, 6, [[0.7052238805970149, 0.753731343283582], [0.6940298507462687, 0.8283582089552238], [0.7649253731343284, 0.7611940298507462]])
(2, 4, 7, [[0.7276119402985075, 0.7350746268656716], [0.7089552238805971, 0.7649253731343284], [0.7313432835820896, 0.7649253731343284]])
(2, 4, 8, [[0.6604477611940298, 0.8022388059701493], [0.7201492537313433, 0.8507462686567164], [0.753731343283582, 0.7835820895522388]])
(2, 5, 6, [[0.7947761194029851, 0.7910447761194029], [0.6902985074626866, 0.8731343283582089], [0.7723880597014925, 0.9253731343283582]])
(2, 5, 7, [[0.832089552238806, 0.7947761194029851], [0.753731343283582, 0.7835820895522388], [0.6865671641791045, 0.8619402985074627]])
(2, 5, 8, [[0.8171641791044776, 0.8246268656716418], [0.7089552238805971, 0.8992537313432836], [0.7611940298507462, 0.8843283582089553]])
