(0, 3, 6, [[0.8395522388059702, 0.8470149253731343], [0.6268656716417911, 0.8656716417910447], [0.6716417910447762, 0.9067164179104478]])
(0, 3, 7, [[0.8544776119402985, 0.7798507462686567], [0.664179104477612, 0.7798507462686567], [0.6305970149253731, 0.835820895522388]])
(0, 3, 8, [[0.8544776119402985, 0.8134328358208955], [0.5783582089552238, 0.8544776119402985], [0.6231343283582089, 0.8880597014925373]])
(0, 4, 6, [[0.7388059701492538, 0.8246268656716418], [0.6380597014925373, 0.8208955223880597], [0.6529850746268657, 0.753731343283582]])
(0, 4, 7, [[0.6977611940298507, 0.75], [0.6305970149253731, 0.7350746268656716], [0.585820895522388, 0.7313432835820896]])
(0, 4, 8, [[0.7723880597014925, 0.9029850746268657], [0.6865671641791045, 0.8805970149253731], [0.6492537313432836, 0.746268656716418]])
(0, 5, 6, [[0.9589552238805971, 0.8805970149253731], [0.6268656716417911, 0.7574626865671642], [0.6529850746268657, 0.9514925373134329]])
(0, 5, 7, [[0.9253731343283582, 0.7388059701492538], [0.6082089552238806, 0.7686567164179104], [0.6455223880597015, 0.9216417910447762]])
(0, 5, 8, [[0.8955223880597015, 0.8470149253731343], [0.6268656716417911, 0.8171641791044776], [0.6082089552238806, 0.917910447761194]])
(1, 3, 6, [[0.835820895522388, 0.835820895522388], [0.5932835820895522, 0.8544776119402985], [0.75, 0.8694029850746269]])
(1, 3, 7, [[0.8022388059701493, 0.7425373134328358], [0.667910447761194, 0.8208955223880597], [0.7574626865671642, 0.8507462686567164]])
(1, 3, 8, [[0.8395522388059702, 0.8582089552238806], [0.7126865671641791, 0.8731343283582089], [0.6865671641791045, 0.8432835820895522]])
(1, 4, 6, [[0.7350746268656716, 0.8171641791044776], [0.7313432835820896, 0.7873134328358209], [0.7089552238805971, 0.7686567164179104]])
(1, 4, 7, [[0.7126865671641791, 0.7014925373134329], [0.7313432835820896, 0.7910447761194029], [0.7276119402985075, 0.7611940298507462]])
(1, 4, 8, [[0.7014925373134329, 0.835820895522388], [0.6977611940298507, 0.8694029850746269], [0.7388059701492538, 0.7761194029850746]])
(1, 5, 6, [[0.8880597014925373, 0.8582089552238806], [0.6902985074626866, 0.8843283582089553], [0.7835820895522388, 0.9477611940298507]])
(1, 5, 7, [[0.832089552238806, 0.7425373134328358], [0.6305970149253731, 0.7276119402985075], [0.7350746268656716, 0.9477611940298507]])
(1, 5, 8, [[0.9029850746268657, 0.9067164179104478], [0.6753731343283582, 0.8395522388059702], [0.7313432835820896, 0.9253731343283582]])
(2, 3, 6, [[0.8208955223880597, 0.7947761194029851], [0.7574626865671642, 0.8246268656716418], [0.6753731343283582, 0.917910447761194]])
(2, 3, 7, [[0.832089552238806, 0.746268656716418], [0.7014925373134329, 0.7947761194029851], [0.7611940298507462, 0.8843283582089553]])
(2, 3, 8, [[0.8246268656716418, 0.8470149253731343], [0.7425373134328358, 0.8507462686567164], [0.746268656716418, 0.8582089552238806]])
(2, 4, 6, [[0.7425373134328358, 0.8582089552238806], [0.7164179104477612, 0.7761194029850746], [0.7276119402985075, 0.746268656716418]])
(2, 4, 7, [[0.7276119402985075, 0.7425373134328358], [0.6902985074626866, 0.7835820895522388], [0.7313432835820896, 0.7388059701492538]])
(2, 4, 8, [[0.746268656716418, 0.8805970149253731], [0.7313432835820896, 0.8992537313432836], [0.7910447761194029, 0.7649253731343284]])
(2, 5, 6, [[0.8805970149253731, 0.8544776119402985], [0.6902985074626866, 0.7761194029850746], [0.7686567164179104, 0.9402985074626866]])
(2, 5, 7, [[0.9216417910447762, 0.7798507462686567], [0.6529850746268657, 0.7611940298507462], [0.7425373134328358, 0.9440298507462687]])
(2, 5, 8, [[0.9328358208955224, 0.9029850746268657], [0.6902985074626866, 0.8470149253731343], [0.7276119402985075, 0.9328358208955224]])
