(0, 3, 6, [[0.7611940298507462, 0.8022388059701493], [0.6044776119402985, 0.7947761194029851], [0.6940298507462687, 0.8395522388059702]])
(0, 3, 7, [[0.7649253731343284, 0.6305970149253731], [0.6380597014925373, 0.6567164179104478], [0.5746268656716418, 0.7798507462686567]])
(0, 3, 8, [[0.8694029850746269, 0.835820895522388], [0.5895522388059702, 0.8283582089552238], [0.7201492537313433, 0.9067164179104478]])
(0, 4, 6, [[0.7947761194029851, 0.9104477611940298], [0.6305970149253731, 0.8619402985074627], [0.7164179104477612, 0.8880597014925373]])
(0, 4, 7, [[0.7649253731343284, 0.6791044776119403], [0.6194029850746269, 0.6940298507462687], [0.5485074626865671, 0.8208955223880597]])
(0, 4, 8, [[0.7611940298507462, 0.8059701492537313], [0.6604477611940298, 0.8507462686567164], [0.6492537313432836, 0.8395522388059702]])
(0, 5, 6, [[0.9402985074626866, 0.8283582089552238], [0.6417910447761194, 0.8432835820895522], [0.6455223880597015, 0.9776119402985075]])
(0, 5, 7, [[0.917910447761194, 0.5671641791044776], [0.6865671641791045, 0.667910447761194], [0.6343283582089553, 0.9477611940298507]])
(0, 5, 8, [[0.9328358208955224, 0.7947761194029851], [0.6492537313432836, 0.8134328358208955], [0.585820895522388, 0.9552238805970149]])
(1, 3, 6, [[0.8022388059701493, 0.8283582089552238], [0.5634328358208955, 0.8059701492537313], [0.7126865671641791, 0.835820895522388]])
(1, 3, 7, [[0.8731343283582089, 0.7313432835820896], [0.6268656716417911, 0.6567164179104478], [0.7052238805970149, 0.8059701492537313]])
(1, 3, 8, [[0.8022388059701493, 0.835820895522388], [0.6231343283582089, 0.7723880597014925], [0.664179104477612, 0.8805970149253731]])
(1, 4, 6, [[0.8059701492537313, 0.8097014925373134], [0.7089552238805971, 0.8768656716417911], [0.7611940298507462, 0.8544776119402985]])
(1, 4, 7, [[0.7425373134328358, 0.7164179104477612], [0.6791044776119403, 0.667910447761194], [0.7238805970149254, 0.7873134328358209]])
(1, 4, 8, [[0.8134328358208955, 0.8395522388059702], [0.7014925373134329, 0.8208955223880597], [0.7350746268656716, 0.8544776119402985]])
(1, 5, 6, [[0.9552238805970149, 0.8843283582089553], [0.667910447761194, 0.7873134328358209], [0.7126865671641791, 0.9664179104477612]])
(1, 5, 7, [[0.9216417910447762, 0.6940298507462687], [0.7089552238805971, 0.7164179104477612], [0.7089552238805971, 0.9552238805970149]])
(1, 5, 8, [[0.9067164179104478, 0.8097014925373134], [0.6492537313432836, 0.8022388059701493], [0.7164179104477612, 0.9552238805970149]])
(2, 3, 6, [[0.7014925373134329, 0.8208955223880597], [0.6007462686567164, 0.8171641791044776], [0.7350746268656716, 0.8917910447761194]])
(2, 3, 7, [[0.7910447761194029, 0.6455223880597015], [0.5932835820895522, 0.6604477611940298], [0.6604477611940298, 0.8432835820895522]])
(2, 3, 8, [[0.7873134328358209, 0.8097014925373134], [0.6567164179104478, 0.7798507462686567], [0.7425373134328358, 0.8768656716417911]])
(2, 4, 6, [[0.8134328358208955, 0.8619402985074627], [0.7126865671641791, 0.8619402985074627], [0.664179104477612, 0.8470149253731343]])
(2, 4, 7, [[0.7611940298507462, 0.6417910447761194], [0.6902985074626866, 0.6977611940298507], [0.6828358208955224, 0.7723880597014925]])
(2, 4, 8, [[0.8097014925373134, 0.7611940298507462], [0.7014925373134329, 0.8656716417910447], [0.7052238805970149, 0.8768656716417911]])
(2, 5, 6, [[0.9402985074626866, 0.8134328358208955], [0.5970149253731343, 0.8059701492537313], [0.6529850746268657, 0.9552238805970149]])
(2, 5, 7, [[0.9589552238805971, 0.7388059701492538], [0.6604477611940298, 0.7014925373134329], [0.5895522388059702, 0.9291044776119403]])
(2, 5, 8, [[0.9440298507462687, 0.8283582089552238], [0.7014925373134329, 0.8283582089552238], [0.7276119402985075, 0.9552238805970149]])
