(0, 3, 6, [[0.5559701492537313, 0.47761194029850745], [0.43656716417910446, 0.40671641791044777], [0.5223880597014925, 0.4626865671641791]])
(0, 3, 7, [[0.5074626865671642, 0.4925373134328358], [0.45149253731343286, 0.5373134328358209], [0.44402985074626866, 0.5447761194029851]])
(0, 3, 8, [[0.43656716417910446, 0.4216417910447761], [0.45149253731343286, 0.5447761194029851], [0.5223880597014925, 0.44029850746268656]])
(0, 4, 6, [[0.3582089552238806, 0.5261194029850746], [0.4664179104477612, 0.43283582089552236], [0.47388059701492535, 0.3582089552238806]])
(0, 4, 7, [[0.43283582089552236, 0.4962686567164179], [0.373134328358209, 0.664179104477612], [0.4664179104477612, 0.4925373134328358]])
(0, 4, 8, [[0.44776119402985076, 0.5261194029850746], [0.5335820895522388, 0.44776119402985076], [0.45149253731343286, 0.47388059701492535]])
(0, 5, 6, [[0.3917910447761194, 0.48134328358208955], [0.48880597014925375, 0.5149253731343284], [0.44776119402985076, 0.5671641791044776]])
(0, 5, 7, [[0.3582089552238806, 0.5], [0.43656716417910446, 0.5], [0.43283582089552236, 0.5335820895522388]])
(0, 5, 8, [[0.4141791044776119, 0.6007462686567164], [0.4552238805970149, 0.4701492537313433], [0.5261194029850746, 0.44029850746268656]])
(1, 3, 6, [[0.43656716417910446, 0.5447761194029851], [0.48134328358208955, 0.5559701492537313], [0.4291044776119403, 0.43283582089552236]])
(1, 3, 7, [[0.48507462686567165, 0.48507462686567165], [0.48134328358208955, 0.373134328358209], [0.3358208955223881, 0.4626865671641791]])
(1, 3, 8, [[0.4925373134328358, 0.4552238805970149], [0.5186567164179104, 0.5223880597014925], [0.4216417910447761, 0.4552238805970149]])
(1, 4, 6, [[0.5298507462686567, 0.4253731343283582], [0.5783582089552238, 0.43656716417910446], [0.39925373134328357, 0.3582089552238806]])
(1, 4, 7, [[0.5149253731343284, 0.5634328358208955], [0.4962686567164179, 0.4925373134328358], [0.503731343283582, 0.47388059701492535]])
(1, 4, 8, [[0.5, 0.5111940298507462], [0.5708955223880597, 0.5783582089552238], [0.47388059701492535, 0.5111940298507462]])
(1, 5, 6, [[0.5149253731343284, 0.40298507462686567], [0.503731343283582, 0.3917910447761194], [0.43283582089552236, 0.43283582089552236]])
(1, 5, 7, [[0.4701492537313433, 0.35074626865671643], [0.6044776119402985, 0.4291044776119403], [0.43656716417910446, 0.48134328358208955]])
(1, 5, 8, [[0.5746268656716418, 0.5447761194029851], [0.5559701492537313, 0.5597014925373134], [0.5373134328358209, 0.3656716417910448]])
(2, 3, 6, [[0.4962686567164179, 0.417910447761194], [0.4925373134328358, 0.4626865671641791], [0.4962686567164179, 0.5559701492537313]])
(2, 3, 7, [[0.5410447761194029, 0.5522388059701493], [0.5, 0.5], [0.48507462686567165, 0.4552238805970149]])
(2, 3, 8, [[0.43656716417910446, 0.417910447761194], [0.3843283582089552, 0.43283582089552236], [0.3843283582089552, 0.43283582089552236]])
(2, 4, 6, [[0.5, 0.6343283582089553], [0.5111940298507462, 0.6977611940298507], [0.5522388059701493, 0.5149253731343284]])
(2, 4, 7, [[0.5671641791044776, 0.4253731343283582], [0.503731343283582, 0.5634328358208955], [0.5223880597014925, 0.4925373134328358]])
(2, 4, 8, [[0.3843283582089552, 0.5074626865671642], [0.5186567164179104, 0.44402985074626866], [0.5111940298507462, 0.47388059701492535]])
(2, 5, 6, [[0.48507462686567165, 0.5783582089552238], [0.5298507462686567, 0.5186567164179104], [0.5783582089552238, 0.585820895522388]])
(2, 5, 7, [[0.44402985074626866, 0.5261194029850746], [0.4962686567164179, 0.5410447761194029], [0.4291044776119403, 0.5223880597014925]])
(2, 5, 8, [[0.4216417910447761, 0.48134328358208955], [0.503731343283582, 0.4141791044776119], [0.4664179104477612, 0.4664179104477612]])
