(0, 3, 6, [[0.503731343283582, 0.5], [0.6604477611940298, 0.503731343283582], [0.5559701492537313, 0.585820895522388]])
(0, 3, 7, [[0.5111940298507462, 0.5298507462686567], [0.5261194029850746, 0.585820895522388], [0.4925373134328358, 0.5746268656716418]])
(0, 3, 8, [[0.45149253731343286, 0.5186567164179104], [0.5671641791044776, 0.44402985074626866], [0.5485074626865671, 0.40298507462686567]])
(0, 4, 6, [[0.458955223880597, 0.503731343283582], [0.4701492537313433, 0.44402985074626866], [0.5186567164179104, 0.44402985074626866]])
(0, 4, 7, [[0.40298507462686567, 0.48507462686567165], [0.4253731343283582, 0.5298507462686567], [0.4216417910447761, 0.5223880597014925]])
(0, 4, 8, [[0.4626865671641791, 0.5746268656716418], [0.585820895522388, 0.48134328358208955], [0.5074626865671642, 0.5074626865671642]])
(0, 5, 6, [[0.5410447761194029, 0.5634328358208955], [0.4664179104477612, 0.3880597014925373], [0.5186567164179104, 0.3843283582089552]])
(0, 5, 7, [[0.47761194029850745, 0.4216417910447761], [0.5932835820895522, 0.5634328358208955], [0.4216417910447761, 0.5298507462686567]])
(0, 5, 8, [[0.5410447761194029, 0.5335820895522388], [0.5186567164179104, 0.5373134328358209], [0.4701492537313433, 0.5410447761194029]])
(1, 3, 6, [[0.6417910447761194, 0.5447761194029851], [0.5634328358208955, 0.41044776119402987], [0.5373134328358209, 0.5]])
(1, 3, 7, [[0.5298507462686567, 0.5074626865671642], [0.582089552238806, 0.3917910447761194], [0.5671641791044776, 0.44402985074626866]])
(1, 3, 8, [[0.5447761194029851, 0.4962686567164179], [0.3843283582089552, 0.43283582089552236], [0.5, 0.3656716417910448]])
(1, 4, 6, [[0.5522388059701493, 0.5298507462686567], [0.458955223880597, 0.5447761194029851], [0.5447761194029851, 0.5559701492537313]])
(1, 4, 7, [[0.5522388059701493, 0.5485074626865671], [0.44402985074626866, 0.5074626865671642], [0.5597014925373134, 0.3880597014925373]])
(1, 4, 8, [[0.5186567164179104, 0.48507462686567165], [0.5149253731343284, 0.503731343283582], [0.45149253731343286, 0.48134328358208955]])
(1, 5, 6, [[0.5373134328358209, 0.33955223880597013], [0.48134328358208955, 0.47388059701492535], [0.3619402985074627, 0.34328358208955223]])
(1, 5, 7, [[0.5932835820895522, 0.5111940298507462], [0.43283582089552236, 0.5485074626865671], [0.5149253731343284, 0.5783582089552238]])
(1, 5, 8, [[0.5149253731343284, 0.4291044776119403], [0.4291044776119403, 0.6156716417910447], [0.48507462686567165, 0.6604477611940298]])
(2, 3, 6, [[0.39552238805970147, 0.5], [0.3880597014925373, 0.6082089552238806], [0.3917910447761194, 0.6529850746268657]])
(2, 3, 7, [[0.5485074626865671, 0.4701492537313433], [0.4253731343283582, 0.3208955223880597], [0.47388059701492535, 0.44776119402985076]])
(2, 3, 8, [[0.4701492537313433, 0.5], [0.5447761194029851, 0.5186567164179104], [0.4701492537313433, 0.3880597014925373]])
(2, 4, 6, [[0.47388059701492535, 0.5410447761194029], [0.5149253731343284, 0.5522388059701493], [0.4925373134328358, 0.5634328358208955]])
(2, 4, 7, [[0.5111940298507462, 0.5447761194029851], [0.6007462686567164, 0.5111940298507462], [0.45149253731343286, 0.47761194029850745]])
(2, 4, 8, [[0.5559701492537313, 0.4701492537313433], [0.47761194029850745, 0.6044776119402985], [0.5447761194029851, 0.5335820895522388]])
(2, 5, 6, [[0.33955223880597013, 0.5671641791044776], [0.4664179104477612, 0.5373134328358209], [0.582089552238806, 0.5708955223880597]])
(2, 5, 7, [[0.4701492537313433, 0.5746268656716418], [0.5149253731343284, 0.5485074626865671], [0.48880597014925375, 0.5261194029850746]])
(2, 5, 8, [[0.4216417910447761, 0.44029850746268656], [0.47761194029850745, 0.5783582089552238], [0.44776119402985076, 0.6119402985074627]])
