(0, 3, 6, [[0.7201492537313433, 0.7276119402985075], [0.6380597014925373, 0.8582089552238806], [0.6828358208955224, 0.8656716417910447]])
(0, 3, 7, [[0.6604477611940298, 0.6268656716417911], [0.5597014925373134, 0.7201492537313433], [0.5932835820895522, 0.7238805970149254]])
(0, 3, 8, [[0.6753731343283582, 0.7873134328358209], [0.664179104477612, 0.8432835820895522], [0.7238805970149254, 0.8022388059701493]])
(0, 4, 6, [[0.7686567164179104, 0.7798507462686567], [0.664179104477612, 0.8805970149253731], [0.7052238805970149, 0.8470149253731343]])
(0, 4, 7, [[0.6753731343283582, 0.6343283582089553], [0.6567164179104478, 0.7425373134328358], [0.5373134328358209, 0.7723880597014925]])
(0, 4, 8, [[0.7574626865671642, 0.7611940298507462], [0.6902985074626866, 0.8470149253731343], [0.6529850746268657, 0.8059701492537313]])
(0, 5, 6, [[0.8395522388059702, 0.6865671641791045], [0.667910447761194, 0.8843283582089553], [0.7089552238805971, 0.9701492537313433]])
(0, 5, 7, [[0.9029850746268657, 0.5298507462686567], [0.6977611940298507, 0.7425373134328358], [0.5708955223880597, 0.8544776119402985]])
(0, 5, 8, [[0.8022388059701493, 0.6940298507462687], [0.7014925373134329, 0.8731343283582089], [0.6529850746268657, 0.9440298507462687]])
(1, 3, 6, [[0.7611940298507462, 0.835820895522388], [0.7052238805970149, 0.8544776119402985], [0.746268656716418, 0.8470149253731343]])
(1, 3, 7, [[0.8208955223880597, 0.7164179104477612], [0.6492537313432836, 0.7089552238805971], [0.7126865671641791, 0.7574626865671642]])
(1, 3, 8, [[0.7649253731343284, 0.7947761194029851], [0.6567164179104478, 0.8395522388059702], [0.7126865671641791, 0.8395522388059702]])
(1, 4, 6, [[0.7574626865671642, 0.8134328358208955], [0.7723880597014925, 0.8731343283582089], [0.7798507462686567, 0.8694029850746269]])
(1, 4, 7, [[0.7276119402985075, 0.7201492537313433], [0.7089552238805971, 0.7723880597014925], [0.6940298507462687, 0.7350746268656716]])
(1, 4, 8, [[0.8246268656716418, 0.8097014925373134], [0.7014925373134329, 0.7835820895522388], [0.7126865671641791, 0.8955223880597015]])
(1, 5, 6, [[0.8544776119402985, 0.832089552238806], [0.7276119402985075, 0.8656716417910447], [0.6977611940298507, 0.9365671641791045]])
(1, 5, 7, [[0.835820895522388, 0.7201492537313433], [0.6604477611940298, 0.7126865671641791], [0.6828358208955224, 0.8283582089552238]])
(1, 5, 8, [[0.8283582089552238, 0.8208955223880597], [0.6902985074626866, 0.8731343283582089], [0.7425373134328358, 0.9291044776119403]])
(2, 3, 6, [[0.6828358208955224, 0.7761194029850746], [0.6492537313432836, 0.8432835820895522], [0.6977611940298507, 0.8731343283582089]])
(2, 3, 7, [[0.7425373134328358, 0.6865671641791045], [0.6268656716417911, 0.7425373134328358], [0.6305970149253731, 0.7126865671641791]])
(2, 3, 8, [[0.746268656716418, 0.7798507462686567], [0.6567164179104478, 0.8395522388059702], [0.667910447761194, 0.8880597014925373]])
(2, 4, 6, [[0.8097014925373134, 0.8208955223880597], [0.7313432835820896, 0.9216417910447762], [0.6902985074626866, 0.8582089552238806]])
(2, 4, 7, [[0.7014925373134329, 0.5932835820895522], [0.7052238805970149, 0.7574626865671642], [0.6268656716417911, 0.7388059701492538]])
(2, 4, 8, [[0.7425373134328358, 0.753731343283582], [0.7014925373134329, 0.8544776119402985], [0.6865671641791045, 0.8507462686567164]])
(2, 5, 6, [[0.8470149253731343, 0.7425373134328358], [0.6156716417910447, 0.8694029850746269], [0.6940298507462687, 0.9291044776119403]])
(2, 5, 7, [[0.8843283582089553, 0.6828358208955224], [0.7089552238805971, 0.7574626865671642], [0.6455223880597015, 0.8507462686567164]])
(2, 5, 8, [[0.8582089552238806, 0.6940298507462687], [0.7313432835820896, 0.8619402985074627], [0.7052238805970149, 0.9440298507462687]])
