(0, 3, 6, [[0.2336065573770492, 0.20081967213114754], [0.26639344262295084, 0.20901639344262296], [0.1762295081967213, 0.24180327868852458]])
(0, 3, 7, [[0.27459016393442626, 0.2581967213114754], [0.28688524590163933, 0.3073770491803279], [0.29098360655737704, 0.1885245901639344]])
(0, 3, 8, [[0.3073770491803279, 0.38524590163934425], [0.3483606557377049, 0.24180327868852458], [0.2827868852459016, 0.2786885245901639]])
(0, 4, 6, [[0.3073770491803279, 0.1885245901639344], [0.29508196721311475, 0.22950819672131148], [0.2786885245901639, 0.20901639344262296]])
(0, 4, 7, [[0.22131147540983606, 0.23770491803278687], [0.20081967213114754, 0.2336065573770492], [0.2336065573770492, 0.23770491803278687]])
(0, 4, 8, [[0.2786885245901639, 0.26229508196721313], [0.18442622950819673, 0.19262295081967212], [0.1721311475409836, 0.23770491803278687]])
(0, 5, 6, [[0.26639344262295084, 0.26639344262295084], [0.25, 0.3155737704918033], [0.22131147540983606, 0.30327868852459017]])
(0, 5, 7, [[0.27049180327868855, 0.3319672131147541], [0.21721311475409835, 0.38934426229508196], [0.3319672131147541, 0.3114754098360656]])
(0, 5, 8, [[0.2540983606557377, 0.20901639344262296], [0.2459016393442623, 0.29508196721311475], [0.19672131147540983, 0.319672131147541]])
(1, 3, 6, [[0.26229508196721313, 0.27459016393442626], [0.2581967213114754, 0.18032786885245902], [0.4385245901639344, 0.2581967213114754]])
(1, 3, 7, [[0.2581967213114754, 0.3360655737704918], [0.27049180327868855, 0.2540983606557377], [0.30327868852459017, 0.27049180327868855]])
(1, 3, 8, [[0.19672131147540983, 0.32786885245901637], [0.21721311475409835, 0.3319672131147541], [0.28688524590163933, 0.2459016393442623]])
(1, 4, 6, [[0.28688524590163933, 0.27459016393442626], [0.21311475409836064, 0.30327868852459017], [0.23770491803278687, 0.22131147540983606]])
(1, 4, 7, [[0.21721311475409835, 0.25], [0.22131147540983606, 0.36475409836065575], [0.26229508196721313, 0.3319672131147541]])
(1, 4, 8, [[0.2827868852459016, 0.20081967213114754], [0.22950819672131148, 0.22540983606557377], [0.1762295081967213, 0.19672131147540983]])
(1, 5, 6, [[0.4139344262295082, 0.32786885245901637], [0.3073770491803279, 0.2827868852459016], [0.29918032786885246, 0.36885245901639346]])
(1, 5, 7, [[0.20901639344262296, 0.26639344262295084], [0.2581967213114754, 0.22950819672131148], [0.20901639344262296, 0.22950819672131148]])
(1, 5, 8, [[0.2786885245901639, 0.18442622950819673], [0.2540983606557377, 0.2540983606557377], [0.18032786885245902, 0.23770491803278687]])
(2, 3, 6, [[0.29098360655737704, 0.24180327868852458], [0.3483606557377049, 0.19262295081967212], [0.20491803278688525, 0.14344262295081966]])
(2, 3, 7, [[0.36475409836065575, 0.1680327868852459], [0.3442622950819672, 0.2459016393442623], [0.23770491803278687, 0.22950819672131148]])
(2, 3, 8, [[0.26229508196721313, 0.21311475409836064], [0.22950819672131148, 0.36065573770491804], [0.2786885245901639, 0.28688524590163933]])
(2, 4, 6, [[0.2540983606557377, 0.22540983606557377], [0.23770491803278687, 0.19262295081967212], [0.1762295081967213, 0.21721311475409835]])
(2, 4, 7, [[0.20081967213114754, 0.28688524590163933], [0.24180327868852458, 0.2581967213114754], [0.2459016393442623, 0.2827868852459016]])
(2, 4, 8, [[0.16393442622950818, 0.20081967213114754], [0.2336065573770492, 0.26229508196721313], [0.20081967213114754, 0.2459016393442623]])
(2, 5, 6, [[0.26639344262295084, 0.2459016393442623], [0.1598360655737705, 0.2581967213114754], [0.32786885245901637, 0.19672131147540983]])
(2, 5, 7, [[0.1721311475409836, 0.3114754098360656], [0.3073770491803279, 0.20081967213114754], [0.2336065573770492, 0.26639344262295084]])
(2, 5, 8, [[0.25, 0.2459016393442623], [0.1762295081967213, 0.26639344262295084], [0.22950819672131148, 0.3483606557377049]])
