(0, 3, 6, [[0.6844262295081968, 0.9262295081967213], [0.7950819672131147, 0.9508196721311475], [0.8483606557377049, 0.8114754098360656]])
(0, 3, 7, [[0.7172131147540983, 0.889344262295082], [0.8483606557377049, 0.9262295081967213], [0.860655737704918, 0.8483606557377049]])
(0, 3, 8, [[0.7008196721311475, 0.9713114754098361], [0.8442622950819673, 0.9508196721311475], [0.8442622950819673, 0.8442622950819673]])
(0, 4, 6, [[0.7704918032786885, 0.9344262295081968], [0.7786885245901639, 0.9590163934426229], [0.8647540983606558, 0.8237704918032787]])
(0, 4, 7, [[0.7254098360655737, 0.9098360655737705], [0.819672131147541, 0.8975409836065574], [0.860655737704918, 0.7827868852459017]])
(0, 4, 8, [[0.6557377049180327, 0.9590163934426229], [0.8401639344262295, 0.9713114754098361], [0.8524590163934426, 0.7827868852459017]])
(0, 5, 6, [[0.5122950819672131, 0.9262295081967213], [0.8155737704918032, 0.930327868852459], [0.8483606557377049, 0.5614754098360656]])
(0, 5, 7, [[0.5122950819672131, 0.9098360655737705], [0.7131147540983607, 0.8360655737704918], [0.8688524590163934, 0.5942622950819673]])
(0, 5, 8, [[0.45491803278688525, 0.930327868852459], [0.7213114754098361, 0.930327868852459], [0.8647540983606558, 0.5942622950819673]])
(1, 3, 6, [[0.6926229508196722, 0.9057377049180327], [0.7909836065573771, 0.9631147540983607], [0.8565573770491803, 0.8401639344262295]])
(1, 3, 7, [[0.6926229508196722, 0.8770491803278688], [0.8237704918032787, 0.9180327868852459], [0.8073770491803278, 0.7540983606557377]])
(1, 3, 8, [[0.6680327868852459, 0.9426229508196722], [0.7827868852459017, 0.9631147540983607], [0.8155737704918032, 0.819672131147541]])
(1, 4, 6, [[0.8032786885245902, 0.9467213114754098], [0.7827868852459017, 0.9590163934426229], [0.7827868852459017, 0.7991803278688525]])
(1, 4, 7, [[0.7786885245901639, 0.9016393442622951], [0.8401639344262295, 0.9262295081967213], [0.8155737704918032, 0.8237704918032787]])
(1, 4, 8, [[0.7090163934426229, 0.9631147540983607], [0.7950819672131147, 0.9631147540983607], [0.8319672131147541, 0.8237704918032787]])
(1, 5, 6, [[0.4918032786885246, 0.8975409836065574], [0.7663934426229508, 0.930327868852459], [0.8401639344262295, 0.5532786885245902]])
(1, 5, 7, [[0.6024590163934426, 0.8975409836065574], [0.7950819672131147, 0.860655737704918], [0.8237704918032787, 0.5450819672131147]])
(1, 5, 8, [[0.5573770491803278, 0.9672131147540983], [0.7540983606557377, 0.9139344262295082], [0.8155737704918032, 0.5614754098360656]])
(2, 3, 6, [[0.7049180327868853, 0.9672131147540983], [0.8278688524590164, 0.9672131147540983], [0.8688524590163934, 0.8155737704918032]])
(2, 3, 7, [[0.7254098360655737, 0.9016393442622951], [0.8237704918032787, 0.9385245901639344], [0.8442622950819673, 0.7622950819672131]])
(2, 3, 8, [[0.75, 0.9549180327868853], [0.8360655737704918, 0.9590163934426229], [0.8524590163934426, 0.7827868852459017]])
(2, 4, 6, [[0.7336065573770492, 0.9795081967213115], [0.8155737704918032, 0.9836065573770492], [0.8524590163934426, 0.7950819672131147]])
(2, 4, 7, [[0.819672131147541, 0.9426229508196722], [0.8114754098360656, 0.9221311475409836], [0.8524590163934426, 0.7745901639344263]])
(2, 4, 8, [[0.7950819672131147, 0.9590163934426229], [0.8278688524590164, 0.9426229508196722], [0.8934426229508197, 0.8442622950819673]])
(2, 5, 6, [[0.5122950819672131, 0.9631147540983607], [0.7581967213114754, 0.9180327868852459], [0.8852459016393442, 0.5409836065573771]])
(2, 5, 7, [[0.5245901639344263, 0.8934426229508197], [0.7377049180327869, 0.8647540983606558], [0.860655737704918, 0.5778688524590164]])
(2, 5, 8, [[0.5245901639344263, 0.9549180327868853], [0.7172131147540983, 0.9344262295081968], [0.8770491803278688, 0.610655737704918]])
