(0, 8, [11, 12, 13])
(0, 9, [11, 12, 13])
(0, 10, [11, 12, 13])
(0, 11, [8, 9, 10])
(0, 12, [8, 9, 10])
(0, 13, [8, 9, 10])
(1, 8, [11, 12, 13])
(1, 9, [11, 12, 13])
(1, 10, [11, 12, 13])
(1, 11, [8, 9, 10])
(1, 12, [8, 9, 10])
(1, 13, [8, 9, 10])
(2, 8, [11, 12, 13])
(2, 9, [11, 12, 13])
(2, 10, [11, 12, 13])
(2, 11, [8, 9, 10])
(2, 12, [8, 9, 10])
(2, 13, [8, 9, 10])
(3, 8, [11, 12, 13])
(3, 9, [11, 12, 13])
(3, 10, [11, 12, 13])
(3, 11, [8, 9, 10])
(3, 12, [8, 9, 10])
(3, 13, [8, 9, 10])
(4, 8, [11, 12, 13])
(4, 9, [11, 12, 13])
(4, 10, [11, 12, 13])
(4, 11, [8, 9, 10])
(4, 12, [8, 9, 10])
(4, 13, [8, 9, 10])
(5, 8, [11, 12, 13])
(5, 9, [11, 12, 13])
(5, 10, [11, 12, 13])
(5, 11, [8, 9, 10])
(5, 12, [8, 9, 10])
(5, 13, [8, 9, 10])
(6, 8, [11, 12, 13])
(6, 9, [11, 12, 13])
(6, 10, [11, 12, 13])
(6, 11, [8, 9, 10])
(6, 12, [8, 9, 10])
(6, 13, [8, 9, 10])
(7, 8, [11, 12, 13])
(7, 9, [11, 12, 13])
(7, 10, [11, 12, 13])
(7, 11, [8, 9, 10])
(7, 12, [8, 9, 10])
(7, 13, [8, 9, 10])
(8, 0, [11, 12, 13])
(8, 1, [11, 12, 13])
(8, 2, [11, 12, 13])
(8, 3, [11, 12, 13])
(8, 4, [11, 12, 13])
(8, 5, [11, 12, 13])
(8, 6, [11, 12, 13])
(8, 7, [11, 12, 13])
(8, 11, [0, 1, 2, 3, 4, 5, 6, 7])
(8, 12, [0, 1, 2, 3, 4, 5, 6, 7])
(8, 13, [0, 1, 2, 3, 4, 5, 6, 7])
(9, 0, [11, 12, 13])
(9, 1, [11, 12, 13])
(9, 2, [11, 12, 13])
(9, 3, [11, 12, 13])
(9, 4, [11, 12, 13])
(9, 5, [11, 12, 13])
(9, 6, [11, 12, 13])
(9, 7, [11, 12, 13])
(9, 11, [0, 1, 2, 3, 4, 5, 6, 7])
(9, 12, [0, 1, 2, 3, 4, 5, 6, 7])
(9, 13, [0, 1, 2, 3, 4, 5, 6, 7])
(10, 0, [11, 12, 13])
(10, 1, [11, 12, 13])
(10, 2, [11, 12, 13])
(10, 3, [11, 12, 13])
(10, 4, [11, 12, 13])
(10, 5, [11, 12, 13])
(10, 6, [11, 12, 13])
(10, 7, [11, 12, 13])
(10, 11, [0, 1, 2, 3, 4, 5, 6, 7])
(10, 12, [0, 1, 2, 3, 4, 5, 6, 7])
(10, 13, [0, 1, 2, 3, 4, 5, 6, 7])
(11, 0, [8, 9, 10])
(11, 1, [8, 9, 10])
(11, 2, [8, 9, 10])
(11, 3, [8, 9, 10])
(11, 4, [8, 9, 10])
(11, 5, [8, 9, 10])
(11, 6, [8, 9, 10])
(11, 7, [8, 9, 10])
(11, 8, [0, 1, 2, 3, 4, 5, 6, 7])
(11, 9, [0, 1, 2, 3, 4, 5, 6, 7])
(11, 10, [0, 1, 2, 3, 4, 5, 6, 7])
(12, 0, [8, 9, 10])
(12, 1, [8, 9, 10])
(12, 2, [8, 9, 10])
(12, 3, [8, 9, 10])
(12, 4, [8, 9, 10])
(12, 5, [8, 9, 10])
(12, 6, [8, 9, 10])
(12, 7, [8, 9, 10])
(12, 8, [0, 1, 2, 3, 4, 5, 6, 7])
(12, 9, [0, 1, 2, 3, 4, 5, 6, 7])
(12, 10, [0, 1, 2, 3, 4, 5, 6, 7])
(13, 0, [8, 9, 10])
(13, 1, [8, 9, 10])
(13, 2, [8, 9, 10])
(13, 3, [8, 9, 10])
(13, 4, [8, 9, 10])
(13, 5, [8, 9, 10])
(13, 6, [8, 9, 10])
(13, 7, [8, 9, 10])
(13, 8, [0, 1, 2, 3, 4, 5, 6, 7])
(13, 9, [0, 1, 2, 3, 4, 5, 6, 7])
(13, 10, [0, 1, 2, 3, 4, 5, 6, 7])
