(0, 1, [2, 3])
(0, 2, [1, 3])
(0, 3, [1, 2])
(1, 0, [2, 3])
(1, 2, [0, 3])
(1, 3, [0, 2])
(2, 0, [1, 3])
(2, 1, [0, 3])
(2, 3, [0, 1])
(3, 0, [1, 2])
(3, 1, [0, 2])
(3, 2, [0, 1])
(4, 5, [6, 7])
(4, 6, [5, 7])
(4, 7, [5, 6])
(5, 4, [6, 7])
(5, 6, [4, 7])
(5, 7, [4, 6])
(6, 4, [5, 7])
(6, 5, [4, 7])
(6, 7, [4, 5])
(7, 4, [5, 6])
(7, 5, [4, 6])
(7, 6, [4, 5])
(8, 9, [10])
(8, 10, [9])
(9, 8, [10])
(9, 10, [8])
(10, 8, [9])
(10, 9, [8])
(11, 12, [13])
(11, 13, [12])
(12, 11, [13])
(12, 13, [11])
(13, 11, [12])
(13, 12, [11])
